0.0329735
0.0031744
0.0029337
0.0035018
0.0024723
0.0026835
0.0034013
0.0026515
0.0021366
0.0022776
0.0026097
0.0022145
0.0018875
0.0021735
0.0018585
0.0019346
0.0019985
0.0020229
0.0017979
0.0018848
0.0019218
0.0026236
0.0019573
0.0026113
0.0037246
0.00247
0.0023025
0.0031209
0.0023904
0.0024489
0.0029359
0.0030928
0.0027561
0.0026095
0.0044424
0.003127
0.0024812
0.0026527
0.0026252
0.0025117
0.0023014
0.0044054
0.0043087
0.0044286
0.0027667
0.0027891
0.0039785
0.0039575
0.0038095
0.0033811
0.0033474
0.004421
0.0043823
0.0040515
0.0034892
0.0035785
0.0030219
0.0025903
0.0023982
0.0026284
0.0037558
0.0029116
0.0024624
0.0032396
0.0009014
0.0007801
0.0006581
0.0006463
0.000693
0.0008855
0.0008225
0.0008097
0.0007009
0.0007413
0.0007258
0.0007146
0.0006774
0.0006575
0.0006636
0.0006899
0.0006707
0.0007681
0.0007746
0.0007648
0.00081
0.0012812
0.0013484
0.0008298
0.0008155
0.0007529
0.0007737
0.0006803
0.0008858
0.0007789
0.000748
0.0007489
0.0006927
0.0006125
0.0006925
0.0006659
0.0006587
0.0006528
0.000666
0.0006271
0.0006916
0.0006706
0.0006586
0.0007082
0.0007509
0.0006722
0.0007077
0.0007978
0.000741
0.0007368
0.0007509
0.0007236
0.000785
0.0008179
0.0008243
0.0007653
0.0009314
0.0008916
0.0009075
0.0009012
0.0009319
0.0009597
0.0012987
0.0013286
0.0013252
0.0013772
0.0013933
0.0012705
0.0008807
0.0007968
0.0009304
0.000937
0.0009623
0.0009222
0.0008677
0.0009261
0.0009276
0.0009469
0.0009231
0.0009344
0.0009262
0.0009257
0.0009426
0.0009627
0.0009795
0.0009609
0.0009391
0.0009168
0.0008711
0.0008575
0.0008629
0.0008576
0.0008399
0.000911
0.0009559
0.000969
0.0009742
0.0009774
0.001182
0.0010732
0.0010439
0.0012247
0.0012379
0.001095
0.0014419
0.0015365
0.0014546
0.0015318
0.0015484
0.0013438
0.0011975
0.0011682
0.0011448
0.0011991
0.0011254
0.0009842
0.0009878
0.0009882
0.0011351
0.001147
0.0011423
0.0011123
0.0011679
0.001147
0.0011461
0.0011685
0.0016866
0.0015823
0.0015598
0.0015547
0.0016698
0.00157
0.0015722
0.0015892
0.0014091
0.0010715
0.0010548
0.0010514
0.001063
0.0010353
0.0010505
0.0015282
0.0018415
0.0011325
0.0014738
0.0011192
0.0010519
0.001311
0.0016763
0.0014309
0.0010376
0.0016096
0.0016486
0.0017179
0.0023443
0.0021327
0.0010836
0.0010038
0.0015913
0.0017332
0.0016158
0.001601
0.0010404
0.0016256
0.0012323
0.0011537
0.0010787
0.0010275
0.0015553
0.0011658
0.001069
0.0014398
0.001255
0.0015976
0.001812
0.0016791
0.0016243
0.001501
0.0010879
0.0012339
0.0011225
0.0015247
0.0014807
0.0011266
0.0012456
0.001921
0.0011868
0.0012058
0.0024218
0.0014851
0.0011196
0.0012321
0.0014193
0.0015529
0.0018445
0.0012714
0.0014603
0.0012698
0.0012551
0.0015181
0.0016958
0.0015023
0.001581
0.0016329
0.0018263
0.0021383
0.0021953
0.0020009
0.0019271
0.0020146
0.0019202
0.0020209
0.0019421
0.0020255
0.0017709
0.0018872
0.0020483
0.0020583
0.0020268
0.0019661
0.0020128
0.0020298
0.0020664
0.0019443
0.0021408
0.0018054
0.0019197
0.0020289
0.0019538
0.0023947
0.0020387
0.0018865
0.0019309
0.0020687
0.001964
0.001976
0.0021892
0.0020576
0.002037
0.0020933
0.002076
0.0021555
0.0021025
0.0021904
0.0021827
0.0021678
0.0020876
0.0020775
0.002101
0.0024566
0.0020574
0.0023315
0.0021426
0.0021994
0.0024255
0.002597
0.0022186
0.002268
0.0022208
0.0021298
0.0020221
0.0019512
0.0020115
0.0019016
0.0019203
0.0020159
0.0019766
0.0019576
0.0019751
0.0021093
0.0020483
0.0018945
0.0015498
0.0013589
0.0011918
0.0013522
0.0017636
0.0016757
0.0013777
0.0016522
0.0020654
0.0011532
0.0012209
0.0014453
0.0025068
0.0012303
0.0020067
0.0012062
0.0011696
0.0015992
0.0015676
0.0020107
0.0016356
0.0014976
0.0014907
0.001517
0.0015209
0.0020761
0.002021
0.0013524
0.0012994
0.0021541
0.0014433
0.0024424
0.0014466
0.0023025
0.0016232
0.0014943
0.0022473
0.0021747
0.0022
0.0017825
0.0019236
0.0017055
0.0017811
0.002373
0.0022125
0.0021695
0.0021606
0.0020822
0.0023429
0.0023298
0.0023588
0.00236
0.0022688
0.002432
0.002484
0.0023828
0.0024979
0.0023076
0.0022821
0.0021767
0.002304
0.0022022
0.0023313
0.0022175
0.0023656
0.0022798
0.0024836
0.0028235
0.0022455
0.0023127
0.001902
0.002049
0.0027543
0.002528
0.0025096
0.0023998
0.0018613
0.0019186
0.0028526
0.0023308
0.0023389
0.0020394
0.0023063
0.0023392
0.0020867
0.0025779
0.0021011
0.0022375
0.0022817
0.0023888
0.002163
0.0024236
0.0022309
0.0022498
0.0021521
0.002349
0.0024746
0.0024382
0.0022946
0.0023459
0.0024164
0.0024444
0.0024806
0.0023636
0.0026151
0.0025688
0.0025769
0.0025057
0.0024025
0.0024678
0.0023698
0.0024073
0.0024936
0.002629
0.0025079
0.002591
0.0023985
0.0023807
0.002516
0.0024182
0.0024072
0.0023556
0.0025452
0.0023478
0.0023969
0.0021538
0.0021679
0.0022184
0.0025722
0.0019887
0.0019708
0.0020619
0.0020251
0.002563
0.0024814
0.002363
0.002632
0.0021094
0.0017624
0.0017943
0.0017546
0.0017435
0.0017697
0.0019013
0.0016731
0.0016185
0.002654
0.0017247
0.0025692
0.0024966
0.0025837
0.0026483
0.0024254
0.0025606
0.0027201
0.0026751
0.002567
0.0026601
0.0022456
0.0024492
0.0029483
0.0021851
0.0027513
0.0026768
0.0026724
0.0026838
0.0026958
0.0026137
0.0026412
0.0026453
0.0017491
0.0028387
0.0036016
0.0022991
0.002289
0.0022903
0.0018369
0.0017362
0.001524
0.0018537
0.0017103
0.0019013
0.00194
0.0015667
0.0017273
0.0015432
0.0014571
0.001487
0.0022684
0.0019158
0.0031835
0.0016448
0.0016656
0.0017097
0.0018151
0.0017028
0.0017654
0.001733
0.0023526
0.0025229
0.0019062
0.0020255
0.0025476
0.0025672
0.0019841
0.0023361
0.0023446
0.0028811
0.002215
0.0024299
0.0021118
0.002888
0.0027645
0.002155
0.0024269
0.0022279
0.0021303
0.0022156
0.0027179
0.0026753
0.0018798
0.0018066
0.00175
0.0018589
0.0020304
0.0018342
0.0030092
0.0038833
0.0042937
0.0026042
0.0024215
0.0023116
0.0020956
0.005997
0.0077468
0.0033507
0.0020455
0.0021775
0.0046507
0.0022232
0.0019858
0.001506
0.0015242
0.0014921
0.0014785
0.0015067
0.0014547
0.0014542
0.0014332
0.0015368
0.0014887
0.0014337
0.0013933
0.0014402
0.0014233
0.0014482
0.0015611
0.0016853
0.0015072
0.0014336
0.0015157
0.0014233
0.001487
0.001596
0.0014565
0.001413
0.0015729
0.0014279
0.0015729
0.0015332
0.0014946
0.0014998
0.0014951
0.0014757
0.0015201
0.0016304
0.0015316
0.0016724
0.0016627
0.0017056
0.0018231
0.0018341
0.0016317
0.0017782
0.0016629
0.0019477
0.0017612
0.0018887
0.0017696
0.001682
0.0020178
0.0017798
0.0020716
0.0019411
0.0017622
0.0021371
0.0018811
0.0022165
0.0018676
0.0021561
0.0018514
0.0022901
0.0017506
0.0017349
0.0029991
0.0021669
0.0030748
0.0030002
0.002528
0.0030672
0.0030631
0.002786
0.0020097
0.0030856
0.0022016
0.0031109
0.0022832
0.0023956
0.0023371
0.0025118
0.0032022
0.0026649
0.0022402
0.0023399
0.00328
0.0032775
0.002364
0.0022164
0.0020541
0.0033696
0.0022313
0.0021243
0.0032526
0.0031967
0.0031722
0.0032934
0.0034113
0.0032388
0.003242
0.0032493
0.0032676
0.0033025
0.0032747
0.0032724
0.0031411
0.0027862
0.002828
0.0029512
0.0024893
0.0036263
0.0034585
0.0034081
0.0033983
0.0034139
0.0035359
0.0034221
0.0035513
0.0034111
0.003416
0.0035306
0.00343
0.0033435
0.0033356
0.0029447
0.002812
0.0028718
0.0034754
0.0034051
0.0035437
0.0022965
0.0034009
0.0034917
0.003413
0.0034358
0.0035968
0.0034068
0.003434
0.003435
0.0034778
0.0034767
0.0034214
0.0034211
0.0020472
0.0019608
0.0034137
0.0019689
0.0019496
0.0020025
0.0037342
0.0020473
0.0020313
0.0020285
0.0034975
0.0020661
0.0020369
0.0035872
0.00207
0.0020313
0.0038814
0.0036127
0.00359
0.0035278
0.003549
0.0038082
0.0021139
0.0022347
0.0035777
0.0034676
0.003554
0.0035551
0.0034162
0.0035391
0.0037704
0.0038702
0.0036913
0.0035732
0.0037157
0.0036481
0.0037606
0.0035929
0.0036033
0.0037826
0.0038176
0.0036312
0.0038093
0.0037613
0.0038293
0.0035546
0.0053166
0.003829
0.0037956
0.003887
0.003649
0.0037632
0.003828
0.0037694
0.0037065
0.0037472
0.0038254
0.0037317
0.0036999
0.0037705
0.0038632
0.0037947
0.0039272
0.0040285
0.0038346
0.0037744
0.0039336
0.0039604
0.0041556
0.0037343
0.0035408
0.0034389
0.0033851
0.0030283
0.0027657
0.0030661
0.0026979
0.0039531
0.0022135
0.002237
0.0039436
0.0022329
0.0039366
0.0038107
0.0039583
0.0037293
0.0036915
0.003816
0.0039609
0.0026603
0.0025767
0.002645
0.002608
0.002694
0.0039914
0.0028584
0.0027552
0.0026884
0.0026802
0.0039071
0.004014
0.0040091
0.0041058
0.0039468
0.0042835
0.0040152
0.0029564
0.0038872
0.0039431
0.0038358
0.0037019
0.0036031
0.0039278
0.0039156
0.0031196
0.0037545
0.0030848
0.0037005
0.003691
0.0037038
0.0043075
0.0042771
0.0041884
0.004351
0.0043909
0.0034243
0.0043228
0.0032101
0.0038108
0.0034834
0.0034591
0.0041855
0.0030766
0.002691
0.0026449
0.0027617
0.002741
0.0026228
0.0023488
0.0022011
0.0041642
0.0023309
0.0022863
0.0041791
0.0042851
0.0023408
0.0042472
0.0023982
0.0042756
0.002372
0.004299
0.0023166
0.0042592
0.0024126
0.0039722
0.0024379
0.0024483
0.0035986
0.0025247
0.0035757
0.0032697
0.0025114
0.0025336
0.0025559
0.0025976
0.0031832
0.0025945
0.002444
0.0022564
0.003163
0.0042169
0.0043405
0.0034694
0.0027425
0.0044001
0.0045175
0.0043409
0.0042272
0.0031248
0.0045782
0.0042913
0.0040712
0.0045327
0.0045004
0.0045029
0.0044416
0.003845
0.0037918
0.0046156
0.0040387
0.0024164
0.0023613
0.0022854
0.0023094
0.0023082
0.0024392
0.0043102
0.0030362
0.002428
0.002246
0.0022401
0.0024942
0.0046473
0.0044465
0.0043853
0.0046773
0.0026486
0.002465
0.0025344
0.0023609
0.0023529
0.0022602
0.0023721
0.0023872
0.0026495
0.0024103
0.0045858
0.0025306
0.003272
0.0034515
0.0025885
0.0028852
0.0026393
0.00463
0.0036462
0.002659
0.0025965
0.0034459
0.0026308
0.0024845
0.0024204
0.0024081
0.0024129
0.0026203
0.002533
0.0045152
0.0040926
0.0026988
0.0029895
0.004826
0.0026478
0.0036809
0.0047963
0.0047604
0.0027979
0.0029318
0.0048052
0.002815
0.0042514
0.0051681
0.0051448
0.0029673
0.0029235
0.0050849
0.0030905
0.0048797
0.0025081
0.0025122
0.004689
0.0024697
0.0047575
0.0048564
0.004787
0.0046905
0.0046327
0.0048232
0.0038356
0.0031931
0.0049676
0.00509
0.004815
0.0033022
0.0047452
0.0048714
0.0049273
0.0041842
0.0040243
0.0046499
0.004833
0.0048974
0.0039579
0.0037216
0.0038986
0.0046716
0.0033083
0.0038123
0.0039324
0.0041128
0.0039245
0.0037681
0.0030515
0.0049149
0.0033449
0.0031357
0.0033071
0.0031281
0.0030366
0.0028465
0.0050397
0.0050306
0.0029888
0.0029992
0.0071628
0.0039039
0.0037565
0.003357
0.0051725
0.0050231
0.0034809
0.004299
0.0036624
0.0037529
0.0037695
0.0034602
0.0033658
0.0038944
0.0039268
0.0038531
0.0044401
0.0031707
0.0028585
0.0026958
0.0052474
0.0054119
0.0057713
0.0052107
0.0049983
0.0045225
0.0034204
0.0037073
0.0035087
0.0033029
0.0030581
0.0030641
0.0031857
0.0033119
0.0052189
0.0051509
0.002884
0.0031047
0.0050893
0.0052145
0.0031021
0.0030243
0.0037871
0.005209
0.0047135
0.005071
0.0050945
0.0052716
0.0033809
0.0045263
0.0051649
0.0051928
0.0055327
0.0055341
0.0055317
0.0053026
0.0046291
0.0046598
0.0040143
0.0053473
0.0053776
0.0057733
0.0056031
0.0054293
0.004724
0.0053648
0.0055089
0.0058054
0.0054029
0.0051426
0.0052942
0.0052558
0.0048004
0.0053559
0.0053201
0.0037247
0.0040124
0.0037901
0.0039048
0.0042274
0.0058188
0.0036799
0.0057508
0.0043379
0.0056163
0.0053178
0.0055817
0.0045048
0.0044269
0.0055312
0.0035787
0.0055176
0.0035919
0.0034207
0.0056192
0.003451
0.005968
0.0038057
0.0034721
0.0036511
0.0032994
0.0029656
0.0029296
0.0028899
0.0054997
0.0053951
0.0056666
0.0057264
0.0055483
0.0052593
0.005103
0.0051227
0.0057223
0.0055871
0.0056245
0.0056758
0.0053633
0.0055117
0.0053977
0.0052587
0.0050088
0.0041428
0.0058049
0.0031655
0.0032871
0.0032297
0.0030226
0.0030784
0.0029693
0.0034444
0.0031856
0.0031435
0.0056715
0.0033727
0.0035809
0.0059118
0.0056703
0.0057549
0.0056495
0.0034895
0.0056088
0.0060085
0.0066833
0.0053662
0.0058528
0.0054027
0.0052397
0.0042628
0.0057731
0.003624
0.0033402
0.0057492
0.0062924
0.0069028
0.0036645
0.0037014
0.0031064
0.0029808
0.0057214
0.0055332
0.005733
0.0056225
0.0056383
0.0054424
0.0048127
0.0049215
0.0067986
0.0061084
0.0035018
0.0033646
0.00319
0.0030926
0.0063311
0.0064014
0.0062733
0.0068349
0.0070697
0.0068438
0.0061882
0.0050155
0.0038705
0.0061369
0.005844
0.0060697
0.0071529
0.0054094
0.0050729
0.005036
0.0065202
0.0039034
0.0062322
0.0056511
0.0047041
0.0045911
0.0050579
0.003888
0.0050261
0.0050354
0.0064104
0.0063645
0.0064795
0.0046146
0.004642
0.0067248
0.0065316
0.0050373
0.0065307
0.0066293
0.0077725
0.007067
0.0064138
0.0067991
0.0066303
0.0068437
0.0068124
0.0064332
0.0041092
0.0054374
0.0040551
0.0065049
0.0064385
0.0046774
0.006862
0.0052425
0.0074455
0.0068173
0.0061605
0.0052986
0.006715
0.0066103
0.0063487
0.0067698
0.0061121
0.0062182
0.006651
0.004682
0.0044636
0.0054302
0.0073351
0.0072589
0.0049959
0.0045249
0.0037425
0.0038538
0.0037146
0.0055371
0.0051675
0.0056162
0.0069979
0.0062133
0.005521
0.006946
0.0069996
0.0046721
0.0064999
0.0059313
0.0079472
0.0072758
0.0078407
0.0081131
0.0080439
0.0077224
0.0072689
0.0040702
0.0047148
0.0068223
0.0069006
0.0060947
0.0048483
0.0050783
0.0053793
0.0046416
0.0049465
0.0047748
0.0042287
0.0039012
0.0058711
0.0065591
0.0060375
0.0041099
0.0052775
0.0041187
0.0052571
0.0044239
0.0041661
0.0042556
0.0039888
0.0051809
0.0037778
0.0046327
0.0045501
0.0053618
0.0041309
0.0042486
0.0045518
0.0039586
0.005266
0.0054269
0.0038599
0.0057604
0.005848
0.0076721
0.0080711
0.0053351
0.0048593
0.0043118
0.0054289
0.0064055
0.0064968
0.0043855
0.0061249
0.0053986
0.0049284
0.0045914
0.0068631
0.0045109
0.0073804
0.0054999
0.0081851
0.0071799
0.00553
0.0042513
0.0038737
0.0040329
0.0062062
0.0043318
0.0040766
0.0038651
0.0047341
0.0068651
0.0043808
0.0042013
0.0071703
0.0051898
0.0050353
0.0099401
0.0099955
0.0099402
0.0076669
0.007107
0.0058792
0.0060421
0.0078292
0.0075274
0.0046025
0.0040463
0.0044749
0.0042938
0.0043686
0.0047401
0.0051849
0.007786
0.0076067
0.0073818
0.0075054
0.0074745
0.0088739
0.0106561
0.0107957
0.0126397
0.0127315
0.0091335
0.0081224
0.0073001
0.0069451
0.0071356
0.0076065
0.0074534
0.0067568
0.0055132
0.0053197
0.0077918
0.0083835
0.0071052
0.0045304
0.005476
0.0049656
0.0054833
0.0054099
0.0045676
0.0044752
0.0043363
0.0042024
0.0044368
0.0044023
0.0058977
0.004591
0.0087106
0.008394
0.0076863
0.0048356
0.0042796
0.0045875
0.0042513
0.0044531
0.0077656
0.0075134
0.0072231
0.0060032
0.0058505
0.0050059
0.0055286
0.0085301
0.0080431
0.005295
0.0077474
0.0081019
0.0079502
0.0068641
0.0068137
0.0084749
0.0085687
0.0081767
0.0079352
0.0077879
0.0074215
0.0086688
0.0080155
0.0049214
0.0091011
0.0092101
0.0058313
0.0047883
0.0082109
0.0076401
0.004749
0.0082957
0.0075678
0.0073056
0.0069378
0.0076338
0.0073496
0.0086008
0.0084991
0.0081789
0.0074568
0.006274
0.0058572
0.006801
0.0052653
0.004809
0.0080166
0.0077379
0.0069989
0.0065081
0.0060225
0.0055417
0.0058915
0.0081386
0.008055
0.008138
0.0073655
0.0047976
0.0051876
0.0052464
0.0047203
0.0044964
0.0043683
0.0077453
0.0076586
0.0076439
0.007438
0.006541
0.0058765
0.0056758
0.0095865
0.0089023
0.0086636
0.0083579
0.0080481
0.0065953
0.008056
0.0060732
0.0075252
0.0061168
0.0055439
0.006017
0.0077174
0.0077895
0.0076537
0.0063851
0.0083818
0.0095912
0.008982
0.0078525
0.008095
0.008006
0.0072416
0.0069523
0.0063381
0.0090184
0.0083617
0.009004
0.0097353
0.0093914
0.0088563
0.0071746
0.0055481
0.0056321
0.0043795
0.0044383
0.0044413
0.0081706
0.0087277
0.0085486
0.0087459
0.0085423
0.0077624
0.0071117
0.0061281
0.005816
0.0052969
0.0061902
0.0048704
0.0048672
0.0050775
0.0083069
0.0079945
0.0092255
0.0076829
0.0066653
0.0056534
0.0085549
0.0100387
0.0101265
0.0092648
0.008323
0.0068305
0.0059612
0.0055911
0.0082056
0.0084884
0.0084288
0.0052466
0.0070937
0.0073218
0.0055025
0.0052709
0.0073969
0.008367
0.008247
0.0094256
0.0090791
0.0080872
0.0083354
0.0083708
0.0082388
0.0083169
0.0085348
0.0099042
0.009864
0.0100331
0.009912
0.0091011
0.0078066
0.0090305
0.0086764
0.0085665
0.0085938
0.0083958
0.0086283
0.0087374
0.0090685
0.0083291
0.0064852
0.0077491
0.0048402
0.0067326
0.0066258
0.0055831
0.0090707
0.0085006
0.0087868
0.0092973
0.0097888
0.0107451
0.0101953
0.0092087
0.0076642
0.0089911
0.0056683
0.0053729
0.0090937
0.0088814
0.0080571
0.0067795
0.0054934
0.0052176
0.0065596
0.0067362
0.0104598
0.0100282
0.007596
0.0061721
0.0066515
0.0114176
0.0106601
0.0093294
0.0088325
0.0088337
0.007641
0.0055912
0.0055989
0.0092756
0.0094875
0.0084966
0.0069885
0.0060762
0.0051348
0.0051675
0.008736
0.0098492
0.0089489
0.0088604
0.0085131
0.0090742
0.0069116
0.0073074
0.0088304
0.0077185
0.0063814
0.0069934
0.0055557
0.006988
0.0064916
0.005728
0.0059875
0.0061298
0.0054175
0.0059307
0.008875
0.0074006
0.0061539
0.0084851
0.0095785
0.0101074
0.0087229
0.0082866
0.0096448
0.0088052
0.0094454
0.0091958
0.0061448
0.0092647
0.0094099
0.0084686
0.0076244
0.0085908
0.009919
0.0099437
0.0094593
0.0083748
0.0070495
0.0086624
0.0078356
0.0098195
0.0087897
0.0068723
0.0059214
0.0111385
0.0086801
0.0081568
0.0077325
0.0064378
0.0060691
0.0096515
0.0093537
0.0095733
0.0088635
0.0073703
0.0109277
0.0099546
0.0107702
0.0119469
0.0094519
0.0109415
0.0112693
0.0074893
0.0093494
0.0124163
0.0091719
0.0084185
0.011859
0.0081767
0.0076032
0.0067879
0.0105338
0.0087226
0.0125126
0.0098393
0.0085474
0.0101219
0.00661
0.0100929
0.0113871
0.0119097
0.0100099
0.0095744
0.0098271
0.0101375
0.0109668
0.0105812
0.0126058
0.0084146
0.0082302
0.0141723
0.012946
0.0102361
0.0101314
0.0096515
0.009379
0.0126555
0.0111547
0.0106361
0.0126619
0.0114514
0.0120042
0.0088379
0.0074311
0.0102558
0.0093783
0.0102672
0.0142763
0.0105694
0.0083723
0.0114138
0.0113321
0.009585
0.0072238
0.0068202
0.0067525
0.0094711
0.0077412
0.0064765
0.0101392
0.0091087
0.0080288
0.0069969
0.0118951
0.0069555
0.0067684
0.0061276
0.0085782
0.0100367
0.0099245
0.0076312
0.0117578
0.010378
0.0091335
0.008086
0.0107635
0.0105568
0.0084048
0.0080788
0.0081834
0.0067813
0.0101379
0.009443
0.007738
0.0070359
0.006378
0.0132718
0.0152433
0.0109757
0.006966
0.007138
0.0071744
0.006682
0.0094655
0.0142077
0.0196319
0.0188105
0.0114168
0.0093826
0.0111291
0.0102345
0.0079967
0.0114498
0.0074093
0.010143
0.0082116
0.0067303
0.0060557
0.0070755
0.0109409
0.0100661
0.0074595
0.0104776
0.010725
0.0076471
0.0125992
0.0110522
0.012767
0.0107469
0.0084446
0.0066708
0.005902
0.005933
0.0100274
0.0061512
0.0092386
0.0108489
0.0101947
0.0065458
0.0084206
0.0079722
0.0076535
0.0070873
0.0097764
0.007773
0.0101274
0.007594
0.0107919
0.0131691
0.0130679
0.0109837
0.0089005
0.0076167
0.0073008
0.0070707
0.0070894
0.0072929
0.0128447
0.0106069
0.0117433
0.0111075
0.0088282
0.0107111
0.0109708
0.0111768
0.0113399
0.0095391
0.0108901
0.0083339
0.0096864
0.009126
0.0080102
0.0094337
0.0123039
0.0082634
0.0114729
0.0142305
0.0176334
0.0159052
0.0138611
0.0160773
0.0140789
0.0161753
0.0153419
0.0335587
0.0186519
0.0147124
0.0132916
0.0109067
0.0113002
0.0112755
0.0282164
0.0116544
0.0109058
0.0155193
0.0140097
0.0254894
0.0198964
0.0118769
0.0137741
0.0138234
0.0191942
0.0277779
0.0301244
0.0256992
0.0167806
0.0319715
0.0147044
0.0277062
0.0176511
0.0146974
0.0161687
0.0129608
0.0156302
0.0130767
0.0097781
0.0131472
0.0125163
0.0105437
0.0083092
0.0077318
0.0082218
0.0068121
0.0127932
0.0115646
0.0122271
0.0110012
0.0124393
0.0117592
0.0143409
0.0122929
0.0099042
0.0118555
0.0116066
0.0086707
0.0149856
0.0137924
0.0120545
0.0168987
0.0130239
0.0152023
0.0093844
0.0102998
0.0089062
0.0131214
0.0102518
0.0093496
0.0082223
0.0082579
0.0074337
0.0068281
0.006969
0.0070002
0.011112
0.0116485
0.0074734
0.0111987
0.0074734
0.0123841
0.0106529
0.0135407
0.0119613
0.0095088
0.0119979
0.0102034
0.0127169
0.0138584
0.0126397
0.0109743
0.0087891
0.0116963
0.0115091
0.0076541
0.0073119
0.0107935
0.0068803
0.0111453
0.0072243
0.0098091
0.0076952
0.0080051
0.0073483
0.0072506
0.0078481
0.0084016
0.0142093
0.0098483
0.0231758
0.0237086
0.0170126
0.0158995
0.0170258
0.0153488
0.0157859
0.0210777
0.0141836
0.0194667
0.0163725
0.0119202
0.0146802
0.0198737
0.0150581
0.01202
0.0151316
0.0184863
0.0154116
0.025846
0.013718
0.0184552
0.0118262
0.0144778
0.0118666
0.0120382
0.0121107
0.0124827
0.0109202
0.0098978
0.0089416
0.0097471
0.0079071
0.0074553
0.0074894
0.0071786
0.0072565
0.0069997
0.0133992
0.0072771
0.0076088
0.0144775
0.0144717
0.0114391
0.0103784
0.0132292
0.007422
0.0134223
0.0117493
0.0164588
0.0126099
0.0105522
0.0105145
0.0107219
0.0106973
0.0100543
0.0099439
0.0100448
0.0126953
0.0104425
0.0125316
0.011863
0.0111287
0.0117177
0.0111313
0.0109787
0.0112692
0.0125325
0.0197156
0.0165769
0.0167816
0.0197322
0.0142142
0.0163743
0.0135485
0.0174125
0.0124631
0.0131525
0.011453
0.0087711
0.0106461
0.007851
0.0123908
0.008989
0.0094393
0.0138659
0.0099707
0.0140436
0.0133855
0.0095088
0.0121234
0.0111974
0.0087026
0.0083977
0.0079204
0.0066775
0.0069399
0.0072185
0.006674
0.0067557
0.0070574
0.0089586
0.008455
0.0067533
0.0071181
0.0091006
0.0116513
0.0075617
0.0114581
0.0137448
0.0091154
0.008836
0.0093726
0.010367
0.0091335
0.0115349
0.0066035
0.011365
0.0114259
0.0113788
0.0088281
0.011146
0.0125253
0.0096094
0.0113565
0.0121224
0.0071617
0.0117763
0.0100345
0.0085192
0.013575
0.0114477
0.0140123
0.0121096
0.010531
0.0099306
0.0146023
0.0119334
0.0167794
0.0126091
0.0161516
0.0158187
0.0111271
0.0149259
0.0149922
0.0129587
0.011736
0.016171
0.0129796
0.0144286
0.0134777
0.0139528
0.0127572
0.0100385
0.0118272
0.0136305
0.0120141
0.0108518
0.0105707
0.0142963
0.010395
0.0116113
0.0113196
0.0111106
0.0159893
0.0121928
0.0119072
0.0170632
0.0167659
0.0139886
0.0133683
0.0162962
0.0138072
0.0156458
0.010637
0.0104857
0.0106474
0.0169313
0.0136183
0.0141552
0.0115336
0.0117726
0.0111975
0.0113344
0.0112531
0.0111974
0.0161021
0.0156893
0.0147323
0.0166399
0.0146592
0.0113617
0.0125186
0.0124822
0.0122963
0.0163635
0.0121925
0.0153562
0.0122195
0.0141657
0.0118937
0.0154314
0.0159667
0.0126539
0.009813
0.0137913
0.0142449
0.0143137
0.0122359
0.0095097
0.0149643
0.0104105
0.0098751
0.0088882
0.0082971
0.0115087
0.0115015
0.0071898
0.0069307
0.0115807
0.010777
0.0086197
0.0090807
0.0118325
0.0069194
0.0099164
0.0070432
0.0073772
0.0081161
0.007259
0.0070524
0.0072417
0.0074528
0.0069817
0.0158911
0.0158246
0.0154888
0.0144604
0.0145929
0.0123455
0.0094535
0.0126266
0.0122147
0.0119616
0.0110175
0.0139917
0.0127194
0.0116098
0.0085386
0.0081624
0.0136247
0.0145467
0.0120834
0.010582
0.0092845
0.0132686
0.0136896
0.0118776
0.0138229
0.0084014
0.0130213
0.011039
0.00788
0.0129665
0.0110781
0.0097173
0.0099089
0.0096601
0.0082768
0.0078231
0.0073016
0.007301
0.0086814
0.014189
0.0095234
0.0093866
0.0084966
0.010801
0.0101883
0.0081977
0.0122561
0.007569
0.0092182
0.0074521
0.0091046
0.0074567
0.008251
0.0121845
0.0078711
0.0122583
0.0079144
0.0119393
0.0112885
0.008893
0.0088228
0.016463
0.0164309
0.0177218
0.0122315
0.0093503
0.0127359
0.007963
0.0124231
0.0126607
0.013033
0.0107545
0.0132941
0.0092105
0.0134337
0.0091546
0.0130515
0.0082545
0.0127155
0.0103433
0.0103812
0.0121064
0.0156959
0.012533
0.0107977
0.0127396
0.0109572
0.0101144
0.0083413
0.0080763
0.0136479
0.0136225
0.0084252
0.0081229
0.0098718
0.0083386
0.0080457
0.0078752
0.0079509
0.0137885
0.015047
0.0125824
0.0119687
0.011527
0.0116335
0.0107418
0.0087399
0.0113337
0.0084421
0.0150507
0.0124882
0.0110618
0.009667
0.0099874
0.0101513
0.011008
0.0090998
0.0133865
0.0091381
0.0152977
0.0145784
0.0115272
0.0111718
0.0143885
0.0126194
0.0135964
0.0110006
0.0089476
0.0134027
0.0120681
0.0133765
0.0127486
0.0134786
0.0120095
0.0136212
0.0132885
0.0159148
0.0154132
0.0118864
0.0101541
0.0139627
0.0118124
0.013507
0.008496
0.0082748
0.0129283
0.0144137
0.0167584
0.0133662
0.0162279
0.0125503
0.0151368
0.0173498
0.0155164
0.010915
0.0092376
0.0132774
0.0121035
0.0154977
0.014484
0.0138221
0.0118307
0.0101613
0.0099241
0.0089623
0.0092045
0.0090626
0.0089188
0.0086317
0.00982
0.0101821
0.0101982
0.0095539
0.0089998
0.0087824
0.0102201
0.0085171
0.0082699
0.0126967
0.0131308
0.012329
0.0105366
0.0104517
0.0130015
0.0119441
0.0095036
0.0095463
0.0083279
0.0142985
0.0157279
0.0174125
0.0174394
0.0124832
0.0155944
0.0102354
0.0102125
0.0138098
0.0146055
0.0096236
0.0095939
0.0139488
0.0087704
0.0140355
0.0117003
0.0093952
0.0082448
0.0163206
0.0155836
0.0177935
0.0136298
0.0152443
0.0091659
0.0176216
0.0145971
0.0175426
0.0155912
0.0151189
0.0117195
0.0141362
0.0105387
0.009902
0.0142223
0.0122549
0.0154325
0.0120833
0.0097619
0.013938
0.008755
0.0089796
0.0085265
0.0090581
0.0093365
0.0108845
0.0120686
0.0103728
0.0145811
0.0088541
0.0136317
0.0092422
0.0162581
0.0171017
0.0129292
0.0162834
0.0127928
0.0118691
0.0179141
0.0223525
0.0229032
0.019391
0.0177216
0.0142322
0.0173721
0.0184932
0.0155369
0.0135726
0.0123422
0.0170537
0.0158075
0.0096628
0.0121711
0.010592
0.0095471
0.011537
0.009224
0.0121794
0.0093611
0.0097119
0.0088249
0.0084888
0.0103391
0.0108163
0.0187414
0.0183174
0.0139548
0.012662
0.0141657
0.0147273
0.0159971
0.0133354
0.009947
0.0083634
0.0107517
0.0137024
0.0122466
0.0093622
0.0079541
0.013665
0.0094868
0.0166245
0.0150969
0.0113781
0.00965
0.0089409
0.0085859
0.0139097
0.0139544
0.013013
0.0142401
0.0145988
0.0137993
0.0110738
0.0109379
0.0096786
0.0136896
0.0091223
0.0174967
0.0166603
0.0168973
0.0135668
0.0150169
0.015424
0.0114146
0.0162842
0.0162935
0.0191986
0.0188227
0.0178171
0.0189744
0.0165467
0.0135119
0.012972
0.0126264
0.0186839
0.0165164
0.0178211
0.0140812
0.0114673
0.0102845
0.0097769
0.0091906
0.008517
0.0150046
0.0144554
0.0116015
0.0177756
0.0206688
0.0177371
0.0189411
0.0148703
0.0129852
0.0155868
0.0136252
0.0159389
0.0162628
0.0122432
0.0102155
0.0154199
0.0148583
0.017248
0.0155579
0.0205691
0.0191928
0.0159446
0.0159928
0.0155643
0.012875
0.0156058
0.0143726
0.0126694
0.012002
0.0101382
0.0093277
0.0101854
0.0084042
0.0101702
0.0176963
0.0164916
0.01929
0.0138977
0.0125017
0.0096661
0.0085412
0.0158858
0.0092072
0.0134757
0.0093041
0.0092967
0.0150498
0.0142414
0.0111435
0.0092716
0.0187017
0.0190539
0.0160814
0.0129607
0.0185157
0.0114786
0.0148394
0.0120279
0.0103793
0.0162171
0.0162277
0.0155701
0.012307
0.01214
0.0163925
0.0125585
0.0160304
0.0121893
0.0116662
0.0095362
0.009696
0.012096
0.0098707
0.011933
0.0174697
0.0119946
0.0118752
0.0091077
0.0092299
0.0092155
0.0089528
0.0094779
0.0109693
0.0119972
0.0189765
0.016385
0.0136283
0.0195679
0.0195983
0.0189638
0.0169366
0.0188421
0.018815
0.015472
0.018107
0.0119407
0.0193857
0.0148499
0.0184009
0.0197663
0.017666
0.0143416
0.0196849
0.0186485
0.0218807
0.0162201
0.0204449
0.0166668
0.0186898
0.0215706
0.01753
0.0213222
0.0198819
0.0173221
0.0152752
0.0176999
0.0165837
0.0163565
0.0134457
0.0143433
0.0205775
0.014191
0.0180359
0.0146183
0.0128319
0.0103534
0.0101959
0.0174299
0.0188358
0.0164609
0.0125652
0.0120568
0.0176893
0.0190365
0.0204154
0.0208689
0.0157466
0.0183169
0.0125871
0.0143715
0.0202908
0.0166845
0.0202564
0.0167775
0.0151228
0.0216297
0.0214047
0.0178503
0.0187246
0.0173951
0.0228872
0.017148
0.0194402
0.0205508
0.0172461
0.0206356
0.0160265
0.0190661
0.0166337
0.014669
0.0133098
0.0142247
0.0143775
0.0140539
0.0139359
0.0156414
0.0145112
0.0142422
0.0139255
0.0209369
0.019777
0.0170235
0.02252
0.0182532
0.0211946
0.0166994
0.0185789
0.0224337
0.0165514
0.0213993
0.0183182
0.0204746
0.0182056
0.0171281
0.0164782
0.0213792
0.0179376
0.014998
0.014604
0.0198649
0.0127914
0.0161504
0.0127082
0.0137245
0.0167569
0.0159559
0.0151888
0.0138658
0.0207653
0.0197627
0.0213218
0.0241648
0.0190174
0.0242319
0.0204193
0.0255902
0.0237217
0.0224131
0.0178457
0.0213829
0.0165335
0.0168398
0.0158569
0.0153876
0.014445
0.0212557
0.0214423
0.0210117
0.0209209
0.0214406
0.0200977
0.0181012
0.0184407
0.0155928
0.0168128
0.0108011
0.0144494
0.0130816
0.019063
0.0165995
0.0178389
0.0186626
0.0154953
0.0114571
0.0168381
0.0150321
0.0112258
0.0101623
0.0104511
0.0103807
0.0119693
0.0132758
0.0205039
0.018023
0.014814
0.0136007
0.0191899
0.012599
0.0182533
0.0121104
0.0127071
0.0201877
0.0130821
0.0164341
0.0149059
0.0211211
0.0169064
0.015755
0.0122704
0.0115936
0.0158891
0.0105538
0.0182138
0.0192764
0.0166185
0.0188043
0.0117003
0.0157714
0.0129596
0.0131089
0.02009
0.0199345
0.0179022
0.0166818
0.0213294
0.01789
0.0209618
0.0172331
0.0185665
0.0161632
0.0172087
0.0150201
0.0205203
0.0183496
0.0182428
0.0181353
0.0152715
0.0116583
0.0174034
0.0148373
0.0117044
0.0145958
0.0142333
0.0205934
0.0218074
0.0195166
0.0188816
0.020213
0.0164342
0.0176038
0.017462
0.0198579
0.0133275
0.0187879
0.0181968
0.0205283
0.0173654
0.0215468
0.0127548
0.0159936
0.0184571
0.013924
0.012447
0.0174371
0.0140106
0.0113112
0.0103817
0.0178617
0.0222474
0.0198637
0.0228401
0.0171302
0.0168733
0.0153867
0.0137433
0.0136538
0.0132119
0.0199932
0.0193074
0.0163397
0.0227704
0.0163717
0.0237798
0.0202497
0.0235944
0.0181215
0.0218752
0.0217333
0.0211681
0.0198325
0.0191136
0.0165744
0.0211306
0.0142502
0.0152111
0.0119259
0.0189766
0.0198115
0.0170413
0.0152021
0.0158252
0.0125613
0.0138897
0.0202573
0.017245
0.0148966
0.0197803
0.0202013
0.0168825
0.0120995
0.0176598
0.0111926
0.0113782
0.0113811
0.0181986
0.0116541
0.0154913
0.0136603
0.0151169
0.0157266
0.0156787
0.0153942
0.0152239
0.0135232
0.0190331
0.0115831
0.01126
0.0123336
0.0117511
0.0115566
0.018161
0.0108335
0.0125245
0.0186583
0.0149662
0.0218142
0.021644
0.0186942
0.0170205
0.0152579
0.0204302
0.0173066
0.0193036
0.0185093
0.0151941
0.0121185
0.0121333
0.0205662
0.0212949
0.0194096
0.0215141
0.0170893
0.0201712
0.016568
0.0135959
0.0129111
0.0127775
0.018643
0.0193435
0.0198625
0.0208778
0.0220846
0.0203856
0.0209626
0.0188098
0.0222852
0.0215522
0.0174919
0.0182866
0.0156807
0.0156814
0.014545
0.0156026
0.0213176
0.0131221
0.0200158
0.0197329
0.0173188
0.0165879
0.0161519
0.0134265
0.014475
0.0126084
0.0129508
0.0148522
0.0216514
0.0177118
0.020975
0.0174065
0.013422
0.0223682
0.0198851
0.0166884
0.0212745
0.0169933
0.0158409
0.024094
0.0192977
0.018093
0.0152972
0.013974
0.0196337
0.0174031
0.0145489
0.0139975
0.0206897
0.0128443
0.0184625
0.023353
0.0189555
0.0161993
0.0138451
0.0188491
0.0138444
0.022275
0.0161541
0.0141265
0.0213389
0.0134704
0.0155669
0.0150592
0.0210606
0.0209175
0.0209289
0.0171079
0.0131059
0.0120266
0.0188196
0.0205415
0.0154439
0.0189178
0.0151534
0.0137142
0.0149569
0.0151466
0.0207869
0.0154475
0.0121354
0.0167796
0.0126318
0.0149166
0.0131636
0.0136082
0.019714
0.0159562
0.0196669
0.0177027
0.0224061
0.0235452
0.0213812
0.0206559
0.0226995
0.0173336
0.0221891
0.0222755
0.02072
0.0172034
0.0147213
0.0154195
0.0231867
0.0220721
0.0197024
0.0157415
0.0196053
0.0155187
0.0190148
0.0151923
0.0126852
0.0175059
0.0230859
0.0228057
0.0223712
0.0214499
0.0197356
0.01899
0.0161167
0.014121
0.0129147
0.014953
0.0156657
0.0226943
0.0242735
0.02285
0.0225281
0.0171977
0.0167022
0.0135135
0.0127815
0.0194902
0.0197676
0.0173923
0.015381
0.0205778
0.0224837
0.019651
0.0204142
0.0166561
0.0172565
0.0125025
0.0210738
0.0170869
0.0138507
0.0130023
0.012644
0.0148651
0.0163525
0.0226038
0.0176267
0.0227866
0.0189516
0.0205205
0.0174019
0.0216675
0.0212584
0.0175808
0.0204048
0.0191475
0.0195064
0.023776
0.0215078
0.0194422
0.0179622
0.0170286
0.0138299
0.0134374
0.0133256
0.0126526
0.0123938
0.012503
0.0144557
0.0153278
0.0227854
0.0179683
0.0155227
0.013955
0.015268
0.0161616
0.0156111
0.0223676
0.0147851
0.0155685
0.0156886
0.0243591
0.0208303
0.0165611
0.0210997
0.0162171
0.013245
0.0131078
0.0207484
0.0209156
0.0201308
0.0211973
0.022919
0.0231459
0.0234069
0.0221109
0.0180736
0.0208976
0.0236503
0.022598
0.0205823
0.0155577
0.0151454
0.023203
0.0187424
0.0219667
0.0215329
0.0172808
0.0217622
0.0222279
0.0175859
0.0145334
0.0199653
0.0132433
0.0190583
0.0170189
0.0156763
0.0145114
0.0150085
0.0259369
0.0203712
0.0232716
0.0180307
0.0177258
0.0140156
0.0167909
0.0180116
0.0260776
0.0250199
0.0228338
0.0221287
0.0251654
0.0281154
0.0253614
0.0221165
0.0283581
0.0223685
0.0282854
0.026995
0.0222263
0.0161938
0.0179943
0.0186498
0.0156295
0.0204071
0.0175153
0.0182249
0.0169711
0.01753
0.0185098
0.0179241
0.0154462
0.0133485
0.0175976
0.0151181
0.0132746
0.0135751
0.0125922
0.0161814
0.015916
0.0226144
0.0145188
0.0133426
0.0130728
0.0224679
0.0181247
0.0143854
0.0138719
0.0210339
0.0164119
0.0224474
0.0238437
0.0209854
0.0170712
0.0147442
0.0137038
0.0200197
0.0164394
0.0205823
0.0131243
0.0175957
0.017266
0.024675
0.0197784
0.016796
0.0231408
0.0217456
0.0198447
0.0177642
0.021942
0.0173612
0.0137538
0.024367
0.021778
0.0197843
0.0159944
0.0143095
0.0204722
0.0175475
0.0134654
0.0193676
0.0138198
0.0132972
0.0129205
0.0239131
0.0211209
0.0169115
0.0235837
0.021929
0.0213762
0.0211776
0.0169834
0.0161685
0.0142948
0.0158584
0.0154766
0.0235242
0.0187155
0.017427
0.0222467
0.0163149
0.0223249
0.0250075
0.0181099
0.0218731
0.0176102
0.0183667
0.0240762
0.0240588
0.023922
0.0192582
0.0157612
0.0216692
0.0191118
0.0226782
0.0219326
0.0198083
0.0247919
0.0174156
0.0224233
0.0184608
0.0147293
0.0143459
0.021625
0.0176988
0.0136509
0.0193291
0.0249204
0.0232961
0.0257876
0.0191099
0.0234989
0.0181511
0.0162028
0.0231626
0.0151393
0.0183809
0.0158698
0.017368
0.0178146
0.0163191
0.0181564
0.0154844
0.0160945
0.0143672
0.0169932
0.0177716
0.0234962
0.0192409
0.0200694
0.0246997
0.0236391
0.0215649
0.0242598
0.0233841
0.0227362
0.0248336
0.0204437
0.015967
0.0149744
0.0153466
0.024419
0.0174322
0.0186648
0.0162951
0.0229553
0.0182368
0.0164095
0.0220201
0.0180062
0.0183078
0.0154344
0.0161207
0.0232035
0.0170133
0.0153909
0.0143415
0.013641
0.0132871
0.0129925
0.0215012
0.0221943
0.0187026
0.0145841
0.0216971
0.020936
0.0225316
0.0250166
0.017485
0.0168419
0.0177732
0.0159611
0.0157681
0.0153641
0.0154796
0.0148725
0.0156082
0.0170377
0.0180926
0.024659
0.0250184
0.0210146
0.0241707
0.0183683
0.0158725
0.0148726
0.0148664
0.0145486
0.0142099
0.0163237
0.0247523
0.0248383
0.0202734
0.0240372
0.026655
0.0252965
0.0247108
0.0186241
0.0266717
0.0200097
0.0262877
0.0255543
0.0241913
0.0238531
0.0221058
0.0229966
0.0183838
0.0169728
0.0174666
0.0240799
0.0157177
0.017051
0.014969
0.0249579
0.0195275
0.0225941
0.0168427
0.0151221
0.0191587
0.0181433
0.0262662
0.0172719
0.0158791
0.0228125
0.015947
0.0206782
0.0155874
0.0142614
0.0144459
0.0188955
0.0175918
0.0178153
0.0153982
0.0152036
0.0223288
0.0179869
0.02249
0.0223592
0.0207042
0.0242551
0.0273196
0.0275701
0.0273343
0.0236634
0.0245875
0.0206509
0.0165206
0.024234
0.0213522
0.0259244
0.0269655
0.0232837
0.0260866
0.0177851
0.0196692
0.0163653
0.0163675
0.0220649
0.0164924
0.0195703
0.018948
0.0179152
0.0230776
0.0158129
0.0178991
0.0155864
0.0182305
0.0148413
0.0145714
0.0189855
0.0149152
0.0214375
0.0199701
0.0263181
0.0196336
0.0229337
0.0255849
0.0196814
0.0170398
0.02315
0.0164087
0.0175789
0.0176198
0.0167731
0.0163755
0.0167379
0.0180072
0.0174583
0.0182052
0.0178831
0.0167052
0.0159047
0.0160965
0.015107
0.0257435
0.0260609
0.0260392
0.0192986
0.0242543
0.027081
0.0246101
0.018179
0.0246404
0.0170572
0.0189159
0.0178753
0.0163756
0.0176902
0.02294
0.0146242
0.0169299
0.0247484
0.0207265
0.0174213
0.0177696
0.0185547
0.0275579
0.019128
0.0190817
0.0184369
0.0256073
0.0252877
0.0205501
0.017935
0.0187812
0.0251618
0.0236755
0.0205256
0.0186549
0.0278355
0.0236571
0.024401
0.0200412
0.0186745
0.0203249
0.0281675
0.0219846
0.0283215
0.0216846
0.0261791
0.0198165
0.0173154
0.0162456
0.0156301
0.025971
0.0188398
0.0204812
0.0204818
0.0173212
0.0161339
0.024162
0.0198625
0.0176372
0.026895
0.0290693
0.0278979
0.0229179
0.0188852
0.0267599
0.0245837
0.032733
0.0226921
0.0208697
0.0226847
0.0215512
0.028589
0.0290011
0.0236898
0.0251782
0.0233066
0.0220745
0.0243838
0.023049
0.0295163
0.0212118
0.0279226
0.0219966
0.0289231
0.0217173
0.0278186
0.0257148
0.0296288
0.0214246
0.019577
0.0201147
0.0276764
0.018903
0.0177298
0.0171285
0.0182355
0.0217221
0.0306682
0.0239304
0.0213312
0.0281309
0.0207455
0.0195867
0.0245286
0.0187548
0.0206979
0.0268294
0.0199478
0.0176253
0.0160714
0.0159347
0.0243775
0.0239251
0.0190241
0.023591
0.019641
0.02726
0.0276923
0.0263056
0.0234099
0.0190178
0.0195774
0.0165658
0.0164335
0.0158249
0.0170011
0.0194623
0.0198801
0.0175419
0.0164178
0.0203904
0.0169097
0.0159969
0.0168655
0.0250262
0.0200736
0.0265249
0.0207575
0.0182717
0.0179509
0.0186612
0.0270827
0.0211196
0.018371
0.0181726
0.0183201
0.017016
0.0188907
0.0273661
0.0207101
0.0181917
0.016791
0.0244989
0.0242091
0.0196852
0.0252663
0.0194081
0.0217187
0.0211369
0.0272361
0.0208972
0.0187226
0.0261083
0.0201231
0.0262425
0.0205534
0.0260519
0.0275192
0.0236583
0.0186923
0.0250203
0.016696
0.0191833
0.015984
0.020126
0.0157834
0.0158014
0.022144
0.0277895
0.0231871
0.0254333
0.0195553
0.0237736
0.0177975
0.0246407
0.0165117
0.0197043
0.0199855
0.0211685
0.01801
0.0166823
0.024696
0.0219822
0.0207139
0.0179188
0.0172604
0.0166915
0.0249641
0.0276543
0.0210663
0.0273647
0.026226
0.0190434
0.0164408
0.0267794
0.0167787
0.0225282
0.0280742
0.0215452
0.0257373
0.0266101
0.0238244
0.0229862
0.0190888
0.0235805
0.0231604
0.0206095
0.0267152
0.0199872
0.0230627
0.0262166
0.0220842
0.0184474
0.0176177
0.0253578
0.0211309
0.0289709
0.0232505
0.0192443
0.0270669
0.0256985
0.0260042
0.0218595
0.0179145
0.0167551
0.0191095
0.0193009
0.0203518
0.0260168
0.0196514
0.0195432
0.0266833
0.0223069
0.0247796
0.0258691
0.0293339
0.028384
0.026749
0.0196708
0.0173792
0.0169397
0.0250841
0.0254025
0.0271646
0.0236229
0.0295104
0.0309318
0.0308463
0.0244613
0.0234928
0.0220481
0.0294468
0.0325156
0.0253527
0.0313991
0.0306851
0.0249623
0.023908
0.0318069
0.0318515
0.0302719
0.0242351
0.0237337
0.0295884
0.0222834
0.0292997
0.0249948
0.024754
0.0247951
0.0242205
0.0234433
0.0230012
0.0321538
0.0259219
0.0259412
0.0300707
0.0266179
0.0261478
0.0254905
0.0315216
0.0313811
0.0334087
0.0328087
0.0335206
0.0371179
0.0348349
0.0262217
0.0257373
0.0260272
0.0422809
0.0444627
0.0253267
0.0248254
0.0295335
0.0320391
0.025452
0.0262419
0.028338
0.0258559
0.0265352
0.0269413
0.0239727
0.0317317
0.0326396
0.0259485
0.0317801
0.030197
0.0212877
0.0208818
0.0206335
0.0235251
0.0232321
0.0306544
0.0327389
0.0264522
0.0309416
0.0327367
0.0280522
0.0310874
0.0301765
0.0308809
0.0297306
0.0293866
0.0225099
0.019759
0.0211155
0.0248999
0.022048
0.0282787
0.0291032
0.0225934
0.0212283
0.0244642
0.0241516
0.0217281
0.0222112
0.0203811
0.0235674
0.0246064
0.0296951
0.0270859
0.0261324
0.0259888
0.0258086
0.0266829
0.0242641
0.0260622
0.0253846
0.0243511
0.0272925
0.0214732
0.0205992
0.0217808
0.0240181
0.024972
0.0249929
0.0242779
0.0282796
0.0248903
0.0305593
0.0258311
0.0349009
0.0274948
0.0317898
0.0339551
0.0292052
0.0301262
0.0354224
0.030971
0.034757
0.0358674
0.03105
0.0317924
0.0319029
0.034724
0.035296
0.0304821
0.0286758
0.0309796
0.0258359
0.0266576
0.0261488
0.0270214
0.0287826
0.0297216
0.0265272
0.0263822
0.0262472
0.0261284
0.0288039
0.027081
0.0265524
0.0258449
0.0286042
0.0315635
0.0269395
0.0261982
0.035098
0.0271336
0.026913
0.0266249
0.0334363
0.0273507
0.0288966
0.0269627
0.0273628
0.0336639
0.0337032
0.0285748
0.0323368
0.0343442
0.0278991
0.0273343
0.0288143
0.0277898
0.0255004
0.0317894
0.0289334
0.0313281
0.0281349
0.0302718
0.0302311
0.0262686
0.0264646
0.0239624
0.0315305
0.0290032
0.0299075
0.0271744
0.0246324
0.02515
0.0342376
0.0288
0.0345246
0.0284362
0.0312062
0.0294678
0.0332896
0.0320125
0.0313813
0.0307359
0.0279395
0.0312437
0.0299463
0.0301164
0.0310518
0.0298234
0.0270032
0.0318651
0.0328905
0.0336953
0.0333277
0.03169
0.0298214
0.0304428
0.0322916
0.0315238
0.0275895
0.0258982
0.0288077
0.027995
0.0298702
0.0273256
0.0287496
0.0333722
0.0273846
0.0269219
0.026638
0.0244873
0.0334732
0.0267571
0.0320558
0.0317133
0.0269101
0.0215523
0.0200863
0.0279837
0.030262
0.0236929
0.0286808
0.0305082
0.0224666
0.0301402
0.0282728
0.0212371
0.0296849
0.0227251
0.020978
0.0296489
0.0226946
0.0221553
0.0209633
0.0207338
0.019472
0.0208722
0.0216279
0.0215213
0.0270655
0.0270704
0.0309153
0.0302407
0.0301929
0.0275964
0.0257912
0.0260075
0.0256841
0.0259637
0.0247545
0.0288956
0.0223491
0.0309801
0.0244523
0.0219775
0.0202843
0.0272665
0.0203127
0.0282886
0.0287849
0.0277134
0.0300403
0.0249169
0.0308073
0.0216392
0.0270864
0.0206326
0.0234249
0.0308793
0.0241433
0.0313345
0.0230652
0.0223013
0.0299571
0.0223614
0.0287159
0.0298993
0.0322868
0.0249606
0.0244279
0.0212155
0.0198669
0.0274424
0.0186478
0.0184415
0.0207597
0.0187038
0.0306905
0.0227837
0.028872
0.0212353
0.0213482
0.0202218
0.0242314
0.0201358
0.0199877
0.0291373
0.0218771
0.0294976
0.0281592
0.0204622
0.0184357
0.01822
0.0190811
0.0197751
0.0199857
0.0300425
0.0219095
0.0226387
0.0185896
0.0187655
0.0186525
0.0195667
0.0278129
0.0208637
0.0213588
0.0225874
0.0267607
0.0218986
0.0244019
0.020466
0.0286341
0.0285091
0.0278497
0.0276025
0.0221541
0.0213278
0.0194059
0.0199035
0.0186376
0.0183221
0.0182504
0.0188691
0.0276641
0.0310096
0.0279181
0.0256171
0.0215854
0.0211144
0.0312315
0.0272192
0.0323817
0.0272359
0.0329669
0.0324158
0.0328063
