AMD Radeon(TM) 8060S Graphics, Driver version: 2.0.317
31.3897
12.9493
13.7143
12.7939
11.874
13.4732
13.2826
14.4547
13.9986
13.2877
13.8003
16.3887
13.9775
14.8531
14.6784
12.1986
13.2888
11.3155
14.4149
12.1612
12.4321
12.1021
12.8154
14.3222
11.746
12.578
13.6074
11.7303
12.3289
11.5222
12.0683
12.7997
13.0959
14.5155
11.6713
11.816
12.2889
12.1313
12.2928
13.6506
13.2828
11.6233
13.3076
12.938
12.7204
12.7006
13.7054
12.9291
12.7628
13.0489
12.4686
12.4738
12.5523
12.4135
13.7362
12.5281
12.7072
12.3338
12.6426
12.7929
11.3619
12.2952
11.4926
12.6038
4.4739
3.7339
3.5366
3.8543
3.7464
3.6443
3.4914
4.0705
3.6486
3.9183
3.9024
3.725
5.0862
3.6514
3.3339
3.9014
3.3697
3.1165
3.1949
3.4422
3.4679
3.5395
3.9278
3.6279
3.3849
3.4752
3.1229
2.6978
3.201
3.6287
2.8319
3.9498
3.8513
3.3634
3.9637
3.9545
3.9235
3.5829
3.7945
3.798
4.0634
2.9181
3.3579
3.4293
3.5766
3.6406
3.6987
3.357
3.7995
3.7085
3.9355
3.6844
3.8323
3.8872
3.6598
5.1972
3.5753
3.8253
4.055
3.7144
3.6603
3.6321
3.558
3.7276
3.2926
3.0123
3.0045
2.8797
3.9745
3.5558
4.0326
3.9534
3.3722
3.2185
3.9494
3.9918
3.378
3.8746
3.9476
3.7108
3.3651
3.5274
3.6727
3.4746
3.7116
3.6845
3.857
3.8424
3.9486
5.1101
3.4528
3.8081
3.4082
3.6947
3.834
3.4723
4.1138
3.8573
3.7152
3.4178
5.0093
3.9989
3.8901
3.9853
2.777
2.875
3.6555
3.3489
3.6058
3.3298
3.6163
3.6362
3.6524
3.6709
3.5613
3.5395
3.2348
3.4883
3.8042
3.6723
3.9255
3.4745
3.4812
3.9912
3.7952
3.3768
3.9417
4.9441
3.8066
3.6305
3.7808
3.3477
3.6464
3.772
3.52
3.5511
3.616
3.63
3.4835
3.6819
3.3837
2.9772
3.5483
3.4901
3.6229
3.4446
3.3727
3.3972
3.5098
3.4782
3.488
3.9329
3.4588
3.3707
3.9166
3.5661
3.7924
3.7677
4.3743
3.0798
2.5619
3.5763
3.4913
3.7187
3.9902
3.5622
3.3803
3.9353
4.0234
3.408
3.6682
3.7611
3.5145
3.6194
3.4969
3.5174
3.3139
3.6762
2.7767
3.0568
3.2782
3.5044
3.1661
2.8174
3.6483
3.5321
3.4876
3.1322
3.5366
3.8046
3.2913
3.7444
3.5135
3.8438
3.3176
3.4019
3.4006
3.1989
3.5919
3.7412
3.2727
5.7095
3.2609
3.7166
3.4676
3.6273
2.7797
2.9953
3.5604
3.3249
3.341
3.6014
3.4572
3.4571
3.3047
3.1844
3.3281
3.2283
3.5401
3.163
3.4124
3.4313
3.2952
3.187
3.4781
3.3817
3.4267
3.3419
3.1587
3.2233
3.6637
3.7653
3.5253
3.5628
3.5097
3.624
3.6533
3.7957
3.4995
3.7502
3.5415
3.4676
3.3377
3.2319
3.492
3.4875
3.7409
3.3041
3.2639
3.6852
3.5606
3.5704
3.1883
3.3239
3.6443
2.4228
3.5334
3.2943
3.498
3.4698
3.1865
3.6652
3.4131
3.6478
2.9985
3.1049
3.4431
3.3021
3.8823
3.55
3.466
3.6106
3.6905
3.2865
3.6207
3.2738
3.3827
2.8774
3.4026
3.6302
3.5575
3.4619
3.5429
3.2249
2.7654
2.3468
2.6056
2.6334
3.2793
3.2857
3.5708
3.3295
3.277
3.5713
3.4341
3.6234
3.5221
3.3976
3.1648
3.1618
3.3206
3.6049
3.1414
3.7513
3.4093
3.0388
3.3832
3.3167
3.2403
3.5148
3.5401
3.3349
3.581
3.5745
3.4838
3.648
3.2706
3.5492
3.4606
3.7122
4.2266
2.176
2.9311
3.3815
3.2905
3.4849
3.3696
2.2226
2.4534
2.8403
2.7715
3.1273
3.524
3.2967
3.1165
3.0369
3.3726
3.159
3.3278
3.5247
3.3282
3.002
3.3008
3.6543
3.3358
3.5785
3.1398
3.0013
3.3005
3.1028
3.4048
2.5707
3.2723
3.1156
3.0068
3.3859
3.5164
3.176
3.3354
3.4306
3.5817
3.2917
3.14
3.3384
3.4348
3.4909
3.1016
2.9525
3.0578
3.3448
3.4325
3.5483
3.4161
3.3608
3.4994
3.4341
3.366
3.1907
2.7375
2.7405
2.7355
2.4834
3.1523
2.871
3.0675
2.9697
2.8792
3.144
3.0416
2.6154
3.1031
3.1748
3.5273
3.2207
3.3121
3.3373
3.3827
3.353
3.1437
3.2783
2.9547
3.1756
3.214
3.324
3.3365
3.1036
2.9117
3.1444
3.1641
3.5024
3.0585
3.2326
3.2327
3.3171
3.282
3.2823
3.2023
2.4762
2.7081
3.3918
3.1604
3.3549
2.9065
3.2883
3.4598
4.3033
2.7685
3.0775
2.9904
3.2304
3.4392
3.2846
3.4002
3.3104
3.203
3.2405
3.0925
2.8922
2.9891
2.9365
3.1213
3.237
3.0395
3.3721
3.3846
3.4484
3.1659
2.7676
2.8019
2.605
2.7633
3.8941
2.4755
2.7581
2.7314
2.7122
2.6932
3.217
3.0487
3.1301
2.9472
3.1635
3.3472
3.2496
3.1209
3.3399
3.1488
3.1811
3.1999
3.2671
3.0726
3.282
3.1105
3.1291
3.1201
3.1787
3.1452
2.6006
3.1945
3.0398
2.8699
2.9194
3.1287
3.108
3.181
3.169
2.9791
2.988
3.2376
3.0482
3.1043
3.3425
2.8027
3.083
2.6654
2.6739
2.8348
2.9923
2.8125
3.0349
3.2136
3.2659
2.7993
3.0804
2.8139
3.2991
3.1779
3.1898
3.199
2.8836
3.383
3.1828
3.3594
2.8504
2.8617
2.9097
3.0411
2.9083
2.7649
2.7011
3.2453
3.1386
3.0287
2.6969
3.1269
2.9948
3.272
2.8919
3.1661
3.3698
3.4157
2.6328
3.3943
3.1091
2.9628
2.8245
2.9181
2.8585
3.0058
2.6747
2.7865
2.7277
2.8971
2.8213
9.0067
3.4621
2.3876
3.079
3.1556
3.4967
3.065
3.3204
3.2115
3.2358
3.1233
2.9219
3.1122
2.7539
3.0445
3.0984
3.1496
2.9148
3.1718
3.0112
3.399
3.451
3.8423
3.0593
2.8912
3.0672
3.1007
3.3185
3.695
2.9725
3.3321
3.2471
3.3504
3.2879
3.6601
3.1963
3.0455
2.8305
3.0988
3.0445
3.0485
3.4131
3.6137
2.6076
3.2464
3.1494
3.2905
3.3542
3.2036
3.0907
4.132
3.3277
3.255
2.9475
3.2144
2.9664
2.8272
2.8285
3.286
2.7698
3.2252
2.708
3.293
3.2622
2.8122
2.8096
2.7902
3.4064
3.1471
2.7861
3.0796
2.636
3.5835
2.9285
3.0355
3.0185
3.1017
3.3469
3.3365
3.077
2.7197
3.1095
3.0901
2.8265
3.219
2.8254
3.2526
3.058
2.9326
3.1205
3.0876
3.327
3.4295
2.7509
3.1915
2.9924
3.5695
4.0903
3.9772
3.7877
4.0575
4.0783
4.0157
3.4269
2.8462
3.3769
5.0593
4.1793
3.9482
4.0261
4.0459
4.0618
4.0195
4.0294
3.9475
4.0187
4.087
3.8256
4.2301
3.84
4.0697
4.0396
3.9329
3.9677
3.2284
3.2533
3.7159
3.8223
3.8743
3.9294
3.929
4.2047
4.1606
4.1166
3.9352
3.9501
3.7335
5.1488
3.9928
4.0372
4.1527
3.5068
3.8613
3.4466
4.024
3.5811
2.796
2.8451
3.6644
4.0551
3.4327
3.8129
4.041
3.8532
2.9695
4.0396
3.9675
3.8881
4.129
3.8108
3.9452
3.1789
3.6527
3.6244
3.4583
3.4913
3.8725
3.6531
3.3557
3.7534
3.9382
3.6588
3.7657
3.8165
3.7991
3.9671
3.6597
3.7392
3.6538
3.5902
4.5763
2.3841
3.1036
3.5624
3.4711
3.5963
3.214
3.6046
5.0448
2.4623
3.7329
3.2768
3.6244
2.8592
2.754
3.6968
3.6956
3.8567
3.6771
4.1699
4.9747
3.683
3.3601
5.1707
4.2531
3.7852
3.8842
3.9091
3.9446
3.8708
3.9819
3.9853
3.833
3.4271
3.9668
3.8356
3.6772
3.6515
3.8597
3.6061
4.7188
2.5887
3.8349
3.9898
3.9747
3.5539
3.6441
3.785
3.7802
3.2894
3.8152
3.4892
3.763
3.8361
3.7597
3.3109
3.24
3.9098
3.9779
4.0131
3.9396
3.9158
2.8408
3.254
3.2625
3.966
3.8098
3.8832
5.1838
3.9475
3.734
3.4508
3.5151
3.4569
4.0002
3.4974
3.6877
3.9032
3.5751
3.5185
3.5191
3.5903
3.5529
2.9802
5.7636
4.0252
4.7982
2.7003
3.5752
3.7158
3.659
3.5111
3.1162
3.6745
3.8144
3.8387
3.6881
4.0822
3.9221
3.4444
3.2583
3.1141
3.7683
3.7562
3.2906
2.7332
2.6408
3.0276
3.7339
3.2956
3.8132
3.1679
3.7965
3.5943
3.277
3.2318
3.5244
3.3485
3.2415
3.5662
3.8606
3.6998
3.5539
3.9401
4.02
3.7261
3.794
3.5237
3.6218
2.9616
3.6646
3.6211
4.412
2.814
3.4185
3.3737
3.8785
3.0877
3.0679
3.3555
3.6481
3.509
3.762
3.4433
3.7792
3.725
3.4635
3.4203
3.602
3.6248
3.5589
3.6517
3.7702
3.4571
3.7885
3.7744
3.8246
3.2188
3.8056
3.6437
3.7267
2.9652
3.3412
3.4538
3.3537
3.4019
2.6953
3.5286
3.5539
3.7152
3.7971
3.64
3.434
3.8447
3.8641
3.519
3.5885
3.7107
3.6805
3.6419
3.5531
3.7298
3.5918
3.1381
3.7951
3.4495
3.1459
3.771
3.7405
3.4358
3.2737
3.4932
3.5886
3.3441
3.3509
2.9807
3.7718
3.8007
3.3876
3.6839
3.7809
3.398
3.3185
3.3257
2.8388
3.73
3.7293
3.6225
3.7879
3.6527
3.7371
3.4734
3.3896
3.4852
2.8998
2.9647
3.8132
2.5771
3.2527
3.4886
3.0915
3.4841
3.3031
3.5593
3.4591
3.438
3.8139
3.6501
3.7311
3.5588
3.5822
3.425
3.649
3.1148
3.605
3.5517
3.7623
3.7176
3.4764
3.1694
2.9584
3.2873
3.3672
3.4912
3.6453
3.5918
3.4712
3.3334
3.4879
3.5202
2.323
2.9736
2.9912
2.9429
3.1871
3.2515
3.119
3.0976
3.5541
3.5295
3.4076
3.474
3.7039
3.4228
3.3356
2.9748
3.1952
3.7326
3.4969
3.0522
3.5239
3.0761
3.3114
3.485
3.3785
3.6939
3.1048
2.662
2.8336
2.9706
2.5441
2.459
2.4379
3.1234
3.2359
3.7555
3.7555
3.4398
3.7728
3.091
3.6499
3.4573
3.3848
3.6218
3.4675
3.454
3.2593
3.3901
3.7069
3.2534
3.398
3.4913
3.3635
3.0779
2.9665
3.3861
3.4069
3.4248
3.6679
3.0923
3.0842
3.2136
3.1268
3.3406
3.1694
2.1878
3.2033
3.069
2.9293
3.0208
3.2603
3.4172
3.1194
3.0579
3.1793
3.5314
3.2808
3.4275
3.0026
3.5205
3.414
3.3598
3.3902
3.5223
3.3851
3.3758
3.4018
3.3984
3.4661
2.9324
3.1775
3.116
3.2118
3.1579
3.6664
3.1532
3.571
3.1508
3.1411
3.396
3.4809
2.9666
3.3999
3.0884
3.6638
3.5684
3.0632
3.3652
3.4212
3.4853
3.1121
3.0313
3.3623
3.3132
3.0571
3.0663
3.0687
3.0389
3.3233
3.1173
3.1288
3.3012
3.3016
4.5251
2.8826
3.3377
2.706
2.3695
2.2646
2.5465
2.972
3.1067
3.1358
2.9721
3.1084
3.0752
3.2007
3.1362
2.9009
2.6293
2.8943
3.1195
2.9145
3.3358
3.3452
3.1603
3.1703
3.1303
2.953
3.2268
3.2022
3.2038
3.1409
2.9939
2.9595
2.7329
2.3397
3.1885
3.0228
3.0469
3.1241
3.3289
3.368
3.2104
2.9562
3.1703
3.1126
3.2717
3.0687
3.4333
3.373
3.4506
3.1243
3.3355
3.1066
3.1044
3.2963
3.1686
2.9299
2.9727
3.1965
2.879
2.776
2.3212
2.6859
3.2694
2.9568
3.0788
3.4387
3.1248
3.0212
2.3916
2.9691
3.0069
3.1309
2.7147
3.1198
3.0009
3.3574
2.8185
3.0217
2.8416
2.9988
2.8589
3.0374
3.3052
2.4864
2.7716
3.0916
3.2095
4.2512
2.7092
2.9767
3.2889
2.9259
3.2765
3.3308
3.046
3.1654
3.1804
3.1292
3.581
2.7764
3.1001
2.5745
3.0234
2.8873
3.138
3.0611
2.8535
3.3227
2.7168
3.3249
2.6048
2.0567
2.5053
3.07
2.4728
2.9563
3.1618
2.9722
2.9438
3.2873
3.2141
2.7325
3.0163
2.4917
3.0829
3.1358
3.2913
2.807
2.8053
3.393
2.722
2.8533
2.9989
3.415
3.0794
2.6713
2.7903
3.3883
2.6856
3.3225
2.9005
2.7315
3.7363
3.0171
2.6726
3.0847
2.7281
3.3748
3.0218
2.9323
2.9156
2.8402
2.8138
3.1464
2.6785
3.1769
2.9537
3.3256
2.8122
2.7194
3.3941
2.8296
3.996
3.1777
3.1503
3.1313
2.9197
3.2361
3.527
3.2058
2.9281
2.84
3.3874
3.4217
2.9673
2.6363
3.1415
3.2291
3.4169
2.7512
2.9826
3.3913
3.5083
3.4052
3.1798
3.5061
3.3316
3.0061
3.0417
3.2553
3.554
3.2503
3.1521
2.8186
3.0444
2.6167
2.814
3.0953
2.9334
2.5482
3.1322
3.1467
3.0313
3.1703
2.7604
3.4181
2.8506
3.24
3.0999
3.0539
3.1225
4.4779
2.9639
3.3871
3.133
3.0987
3.2693
3.1137
3.3734
3.0318
2.913
2.794
2.6968
2.9133
2.7976
3.5496
4.7098
3.4549
3.3637
3.5046
2.7943
3.3245
2.8576
3.2182
3.1164
2.7546
2.9215
3.3201
3.082
3.0379
2.9667
3.4187
2.9138
3.2488
3.4737
2.6602
2.7912
3.6791
3.4605
3.8062
3.7103
5.1108
2.8071
3.4943
4.0161
5.0763
2.8341
4.0202
4.0207
4.0495
3.7133
4.0421
3.9846
4.2684
3.926
3.9436
4.1882
3.8562
3.9762
4.8255
2.6229
3.6386
3.7195
3.5194
3.6216
3.6916
5.4247
1.8921
3.3986
3.3954
3.6658
3.7765
3.7903
4.1774
3.3555
3.5697
3.892
4.0714
3.8974
3.9466
3.5299
3.7761
5.4523
2.0746
3.7976
3.6139
3.806
4.0574
3.8378
4.0169
4.0578
3.9077
3.7783
3.0463
3.0363
2.9693
3.4201
3.6053
3.6746
2.8188
3.3113
3.4613
3.4925
3.7638
3.7864
4.3045
3.3959
3.9048
3.4292
3.9155
3.7356
3.7451
3.6002
3.9036
6.2408
3.3009
3.4669
3.5742
3.4184
3.8573
3.4327
3.8604
3.4252
3.7897
3.8257
3.6896
4.1276
4.0186
4.9808
4.0641
3.9953
3.8847
3.8499
4.0387
3.8054
3.8716
3.2457
3.6423
3.4013
3.9761
3.5775
3.7308
3.4657
3.629
3.745
3.744
3.417
3.1363
2.8164
3.1751
3.7937
3.5045
3.6679
3.853
3.8001
3.9712
4.0366
3.9458
3.7684
3.7592
3.809
3.8933
3.8736
4.027
3.9317
3.8564
3.6357
3.5888
3.7483
3.971
3.9453
3.5124
3.8728
3.2
3.637
3.8374
3.8855
3.9055
3.648
3.9221
3.4893
3.5894
3.7621
3.9091
3.8649
3.4361
3.7762
3.8429
4.0407
3.9569
3.5804
3.7766
3.8128
3.8544
3.6365
3.7746
3.4333
3.3676
3.5981
3.5174
3.4731
3.641
3.8304
3.7186
3.7647
3.5926
3.7301
3.8194
3.5933
3.8275
2.0794
3.4347
3.2465
3.6596
3.6299
3.7121
3.4876
3.6564
3.6932
3.6887
3.2083
3.7384
3.7395
3.3424
3.6662
3.4874
3.7592
3.9776
3.3786
3.423
3.7518
3.6844
3.2299
3.8087
3.4709
3.7718
3.817
3.389
3.0476
2.9498
3.0482
2.5448
3.356
3.5132
3.4602
3.674
3.1684
3.2629
3.3197
3.4872
3.3783
3.8762
3.5784
3.4184
3.7483
3.7257
3.5858
3.7356
3.808
3.324
3.7315
3.6968
3.5885
3.3949
3.5464
3.7
3.4931
3.8806
3.1905
3.6578
3.2877
3.7563
3.2159
3.57
3.6448
3.5244
3.374
3.5157
3.8741
3.7208
3.5716
3.2325
3.1674
3.1047
2.9215
2.8606
3.2479
3.5176
3.7171
4.0428
3.4778
3.7588
3.7198
3.7114
3.506
3.3163
2.6988
2.5651
2.4658
2.844
3.4598
3.1978
3.421
3.5283
3.472
3.6618
3.2157
3.6831
3.4676
3.5067
3.5054
3.6109
3.4724
3.1541
3.1608
3.5661
3.371
3.1199
3.4002
3.6053
3.4355
3.0715
3.3041
3.5349
2.9237
2.7405
2.7651
3.5223
3.704
3.2005
3.4473
3.6096
3.1949
3.2878
3.3611
3.1871
3.7328
3.6009
4.7753
2.4807
2.8635
3.4662
4.3867
2.6264
3.4531
3.5954
2.8404
3.0258
3.1158
3.6907
3.4234
4.0318
3.4945
3.3438
3.3779
3.1018
3.486
4.0516
5.5431
3.1332
3.3716
3.4903
3.4237
2.9399
3.1976
3.8027
2.7925
2.5855
3.4794
2.8521
2.8743
2.8433
2.4991
2.8887
2.6031
2.6484
2.9191
3.0352
3.5932
3.1151
3.2269
2.7358
2.8415
2.8636
3.2314
3.2611
3.3031
2.9229
2.8362
2.4337
2.7322
3.5661
3.3156
3.5378
3.5164
3.1633
2.849
2.3565
2.7864
2.8682
3.1019
3.1862
3.5212
3.422
3.413
3.4349
3.1747
3.4745
3.2769
3.4182
3.532
3.5248
3.3172
3.3369
3.1608
2.9117
2.7779
3.0595
3.3171
3.4896
3.2037
3.2188
3.9822
2.4412
2.9542
2.9871
2.8248
2.8083
2.5747
3.0598
3.3861
3.33
3.0269
2.9613
3.0471
3.0062
3.3695
3.1034
3.3585
3.4028
3.2162
2.6997
2.5078
1.9543
2.4011
3.0199
3.062
2.7245
3.0349
2.9575
2.8585
3.4141
2.6005
3.3085
2.9284
2.8309
3.1524
3.2321
2.9137
3.0872
3.1514
2.4042
3.4126
3.1692
3.4508
3.5022
3.3358
3.2155
3.2472
3.0253
3.2806
3.1238
3.1024
3.1975
3.166
2.9805
3.157
2.565
2.604
2.3214
3.2463
2.9264
3.4901
3.2136
3.1022
2.8557
3.3042
3.3044
3.2927
3.3788
3.2094
3.1091
3.3388
3.2213
3.2037
2.9
3.2532
3.2847
3.2341
3.3697
2.9148
3.2122
3.1273
3.1923
2.9091
3.1631
3.1613
3.2589
3.362
3.3164
3.0547
3.3484
3.282
3.2449
3.1112
2.9729
3.17
3.3657
3.2042
3.1522
2.9448
2.9442
3.0101
2.9307
2.9449
3.1972
3.2106
3.3724
3.323
3.5291
3.3737
3.2699
3.3382
3.2839
3.0434
3.2461
2.9906
3.2375
3.2789
2.8081
3.1265
2.6656
3.2468
3.2461
2.9052
3.2616
3.3494
3.3322
3.3523
3.2275
3.4303
3.1768
2.6464
3.1884
2.859
3.1998
3.1215
3.2338
3.0384
3.1067
2.8699
3.1958
3.2394
3.1895
2.5078
3.6512
3.127
3.1746
3.0315
2.9765
3.1942
3.3623
3.016
2.9866
2.6519
3.2277
3.2452
2.5882
3.3788
2.8683
3.1348
3.1268
2.8154
3.1357
3.0903
3.1418
2.869
3.1152
3.0197
3.0369
3.1838
3.4551
3.6192
3.5566
3.0345
2.9645
2.7074
2.7711
2.8276
2.9139
3.2351
3.3427
2.6311
3.2712
3.0387
3.0097
3.1346
3.0678
3.0674
3.0456
2.3937
3.085
3.0549
3.2845
3.0246
4.0574
2.6806
2.8728
3.1371
4.3252
2.7364
3.3246
2.8069
3.1722
3.0393
2.9554
2.9508
3.1377
2.8282
2.72
2.7699
4.5924
2.7795
2.639
3.2266
4.1605
3.137
2.6735
2.8208
2.8155
3.3765
3.1319
3.2117
3.1261
2.7876
2.9974
3.0281
2.9696
2.8047
3.1607
3.1178
3.0764
3.0085
3.288
3.4808
3.3178
2.8441
3.2977
3.615
3.2336
2.8662
3.1162
3.0871
3.3815
3.2245
3.1969
2.9674
2.8916
3.0959
2.8066
3.284
2.852
3.0612
2.8974
3.056
2.7213
2.752
3.7632
3.8044
3.7452
3.7119
3.9029
3.9807
4.1715
3.8632
3.3889
3.6742
3.6347
3.5847
3.6962
3.8225
5.3969
3.9105
3.9728
3.9709
3.9931
3.9584
3.9818
3.8712
5.0959
3.7555
3.4483
3.7777
4.181
3.5533
3.1143
3.3036
4.1157
3.8769
3.9912
4.0092
3.9476
3.9613
4.1671
3.6292
5.3266
3.612
4.0346
5.3105
4.0464
4.0198
3.9846
3.8906
3.8261
3.1754
3.1992
3.1712
3.054
3.6747
3.8438
3.861
3.9348
5.2129
3.9311
3.5955
2.9416
3.919
3.9338
3.8365
4.0065
3.8274
3.8795
3.764
2.767
3.7034
3.8059
5.0085
3.4505
3.6905
3.6743
3.7234
3.7511
3.8637
3.8387
4.8536
5.2748
3.3648
2.9222
3.554
5.414
3.6931
3.4448
2.8556
3.2561
3.5184
3.6379
3.8411
3.6056
3.3437
3.788
3.8794
3.9596
2.371
3.6158
3.7619
4.8762
3.6294
3.7553
4.9986
4.0111
3.1521
3.1981
3.4816
3.8324
4.8936
3.3923
2.9242
3.4875
3.6387
3.3982
3.3327
3.4723
3.2785
3.2473
3.5471
3.463
3.498
3.4948
3.6421
3.2753
3.0414
3.4014
3.9063
3.1166
3.7809
2.4136
3.1933
3.4042
3.7449
3.8386
3.5298
3.7066
3.786
3.688
3.7726
2.9881
3.8574
5.0809
3.6746
3.3863
3.7813
3.436
3.8161
3.807
3.8017
5.3721
3.8484
4.0142
3.894
3.7636
2.7184
3.5785
3.6907
3.6237
3.3481
3.6555
3.8631
3.7094
3.8105
3.48
3.7393
4.9018
3.611
3.6041
3.1532
2.9848
3.5088
3.3282
3.5526
3.3085
3.3554
3.5792
3.4915
3.9115
3.6262
3.7854
3.5547
3.8834
3.4542
3.5709
3.7975
3.7852
3.5555
3.8317
3.8569
3.4299
3.9225
3.1814
3.5203
2.8426
5.1014
3.9751
4.9684
3.7425
3.6884
3.4959
3.4609
3.1858
3.6771
3.8722
5.0775
3.5021
3.6687
3.742
5.0577
3.7999
3.4086
2.9324
2.9193
3.6925
3.5432
3.4109
3.5853
3.4558
2.664
2.6671
2.7579
2.9804
3.6285
3.5757
3.7197
3.2509
4.9501
4.8976
3.844
3.2842
5.0502
4.7076
3.5247
3.5467
3.5831
3.6922
3.8521
5.2407
3.749
3.7492
3.5929
2.6649
4.7527
3.3524
3.9226
3.6215
3.5541
3.9601
3.8274
3.7162
3.7611
3.5967
4.8845
4.9172
3.0081
3.5541
3.568
4.9832
4.9891
5.0637
4.9581
4.334
3.3853
3.4291
3.7015
3.1718
4.9741
3.3697
3.8806
2.4401
3.3725
3.793
3.6117
3.7241
3.8657
5.2355
3.5308
3.5454
3.726
4.8122
3.6496
3.7196
5.2882
2.994
3.4872
3.6436
3.6151
3.6647
3.8378
3.341
3.6154
3.3692
3.2482
3.9854
3.3963
3.597
3.8071
3.6736
3.6261
3.8298
3.8357
4.9701
4.8108
3.8304
3.5583
3.3795
3.7362
3.7612
3.9036
3.1353
3.0802
3.5622
3.3994
3.5664
3.2178
3.8392
3.8381
3.606
3.2724
3.6847
3.3211
3.5594
3.6432
2.8466
3.2337
3.6182
2.9643
3.3123
3.5179
3.5921
3.428
3.6506
3.5148
3.7041
3.7328
3.8727
3.5908
3.772
3.8277
5.3217
3.2645
3.501
5.0156
3.2889
3.3053
3.618
3.7571
4.946
3.7718
3.6727
3.8054
3.6881
3.2744
3.5342
3.6945
3.6589
3.7998
4.9075
2.9891
2.9359
2.6148
3.6443
3.8252
3.4063
3.8883
3.5988
3.3508
3.5197
3.4376
2.9235
2.9643
3.2316
3.719
3.3962
3.2187
3.2192
3.5442
3.3205
3.3216
3.5149
3.3085
3.544
3.8608
3.702
3.1217
3.8506
3.3089
4.6866
3.7007
3.6932
3.8193
3.6762
3.4646
3.7828
3.8582
3.5336
3.1518
2.5892
2.5148
3.1797
3.5818
3.8134
3.9509
4.8381
4.9446
3.2915
5.1739
3.8617
4.0564
3.9936
3.4985
3.5949
3.4247
3.8924
3.537
3.3183
3.544
3.7074
3.7418
4.1253
3.6395
3.7128
4.8289
4.0174
4.9984
3.5613
3.7345
3.8096
5.2632
3.5996
3.5625
3.7661
3.7852
3.5297
3.605
3.7824
4.9974
3.5785
3.4952
3.6886
3.3348
2.7458
2.9829
3.6633
3.8183
3.885
3.7503
2.9045
2.0552
2.9048
3.504
3.3199
3.8332
3.8514
3.7622
3.2895
3.3074
3.6622
3.6362
3.6711
3.6622
3.7773
3.7441
3.4262
3.5923
3.5788
3.789
3.834
3.681
3.5747
3.0863
3.3249
3.8192
3.6056
4.7559
3.5487
3.7214
5.4988
3.288
3.8757
3.5532
3.8114
3.8884
4.9145
3.9998
2.5708
3.6494
3.8882
5.1794
3.3378
3.6988
3.8567
3.6778
3.5942
3.8265
3.7589
4.94
3.7207
3.6367
2.9095
3.5264
3.7733
3.7346
3.7458
3.9741
4.432
3.7421
5.1494
4.0979
3.9478
4.1787
3.9605
3.3432
3.4085
3.88
4.7688
3.4372
3.7669
4.9426
4.9421
4.1544
3.4607
3.5108
5.0218
5.0199
3.5953
3.6026
3.6707
3.0342
4.811
3.6231
3.7347
3.5205
2.7629
3.4853
3.028
3.6711
3.6213
3.3367
3.4847
3.2275
3.3461
3.4525
2.8812
5.0086
5.1379
3.338
3.7232
3.7707
5.0319
3.5658
3.7363
3.7466
4.9285
3.8529
3.2838
4.8976
2.9318
3.7697
4.039
3.8724
3.6604
3.9058
3.8939
4.8262
4.783
3.6486
3.777
3.9318
3.497
3.6624
3.5504
3.716
3.7339
3.7701
5.0088
2.8639
4.0438
3.5156
3.1858
3.3457
3.5401
3.714
3.3919
3.7124
3.8653
3.4719
3.6946
3.9865
3.8858
3.6952
3.6484
3.6408
3.8287
4.9511
5.3711
3.9998
3.2549
3.2905
3.4314
2.6051
2.8486
3.7346
3.3473
3.2916
3.8952
5.1915
3.712
5.168
3.7224
3.2498
5.1677
3.7691
3.855
3.206
3.4983
3.6924
3.6844
3.8341
3.363
3.799
3.2969
3.7974
5.0383
3.5961
3.781
3.8243
3.5599
3.7022
3.7238
3.8678
3.9275
3.7926
3.8679
3.9265
3.6221
3.4865
3.3898
3.7831
3.638
2.7411
2.7581
3.2518
2.3794
2.2909
3.7417
3.4066
3.9219
5.1323
3.7484
3.4672
3.7926
3.8098
4.9291
4.0392
3.7447
3.7536
3.1495
3.6257
4.0416
3.9869
3.5743
3.6943
3.8501
3.9232
3.4336
3.8869
3.5173
3.7106
3.3207
3.43
3.8522
2.5812
5.0459
3.5937
3.5821
3.6702
3.5411
3.2157
3.7703
3.775
3.9882
3.8778
3.8327
3.7633
3.5839
4.1375
1.9546
3.2367
2.9093
3.6645
4.1174
5.115
3.7658
3.915
3.4991
3.6898
3.8877
3.9038
5.0248
3.8746
2.9185
3.2509
3.8175
2.921
3.7494
3.7295
3.3543
3.6881
3.8329
3.8047
4.7141
3.6714
3.8593
3.7419
3.4671
3.7591
4.027
3.5119
3.4738
3.7545
3.7577
3.7147
3.7838
3.715
3.5265
3.8268
3.8003
3.329
3.7174
3.0985
3.3035
3.717
3.7977
3.5747
3.5729
3.2513
3.0837
3.5402
3.6378
3.3132
4.794
3.4118
3.409
3.8891
2.366
4.8886
3.906
3.1835
3.7514
3.6006
3.8515
3.7754
3.3767
3.684
3.2614
3.5946
3.2776
3.8088
2.7958
3.2079
4.1885
4.8659
5.0152
3.7456
3.35
5.0562
3.4836
3.7577
3.6137
3.1881
3.8686
5.0433
3.8115
3.6872
3.537
3.6875
3.738
3.7719
3.8822
3.8758
5.0714
3.6507
3.7305
3.6346
3.4184
3.778
3.7178
2.7817
2.8211
2.9099
3.5335
3.9103
4.9311
4.9631
3.3388
3.82
5.0778
3.6853
4.835
3.4959
3.587
3.3996
2.5955
3.3774
3.1294
3.1086
3.6495
3.6564
3.4861
3.6416
3.8978
3.539
3.7136
5
3.8499
3.3663
3.0342
3.6007
3.7915
3.389
3.9522
5.1635
3.9219
4.024
3.8882
4.8163
3.7612
3.5266
3.6186
3.4259
3.0291
3.6131
3.5284
3.5073
3.086
3.5395
3.632
3.9194
3.601
3.5675
3.9475
3.6
3.6878
3.6258
3.9236
3.1178
3.1427
3.0495
2.6957
5.2186
3.7249
3.7706
3.5944
3.7138
3.742
3.525
3.2988
3.6203
4.6904
3.6694
2.4359
4.9751
3.8169
3.6412
3.5299
5.0367
5.089
5.1561
4.0584
3.5164
3.3768
4.8611
5.3262
3.3591
2.78
3.4755
5.1688
3.2596
3.075
3.9925
3.3608
3.3789
3.6383
3.8039
3.5312
3.8299
3.6194
3.6193
3.675
3.5548
3.8688
3.7649
3.8129
3.7929
3.6168
3.6506
3.6647
3.1613
3.3676
3.4775
3.5967
3.8137
3.8692
2.7612
3.1595
3.6176
3.7286
3.7025
3.5805
3.631
3.6654
3.4476
3.3326
3.6169
3.8713
3.7469
3.69
3.8042
2.4134
3.5039
3.726
5.1492
3.9039
3.4598
3.8028
3.369
3.5873
3.1051
2.6686
3.5773
3.709
3.8625
2.9581
3.1438
3.4273
3.7261
3.3206
3.7719
3.1776
3.5828
3.6431
4.869
3.2254
3.6439
3.4957
3.5663
3.2991
3.7952
3.5411
3.6955
5.1568
3.5475
3.5815
3.8251
3.973
3.7318
3.4823
3.7432
4.9151
3.7238
3.4825
3.8335
5.1858
4.3859
2.9773
3.5407
3.9608
3.9312
5.0382
3.9583
3.4896
3.7363
3.817
4.0004
5.255
3.2152
3.4858
5.0913
4.9324
3.5376
3.6546
3.6427
3.4455
3.7051
5.0198
4.842
3.6507
3.4072
5.0145
3.6486
2.4981
3.6676
3.6177
3.8195
3.798
3.8403
3.6838
3.6992
3.8914
3.9405
5.0439
3.3525
3.4654
4.7788
2.9356
3.3535
4.9662
4.9394
3.0598
4.8391
3.2266
3.1715
3.7118
4.9947
3.6679
3.7704
3.7981
3.7458
3.6654
2.5433
3.2907
3.6081
4.8916
3.4333
3.6717
3.9881
3.4999
3.2734
3.586
3.8469
3.3579
3.749
3.9228
3.0018
3.5253
3.5465
3.5033
3.6579
3.6957
3.8065
3.6116
4.1958
3.2397
4.8448
3.5053
3.784
3.8697
3.3967
3.6721
4.0109
4.9177
5.0336
5.147
4.9194
3.6951
3.3129
3.1027
3.6882
3.5994
3.2731
3.5133
3.5052
3.2894
3.8668
4.91
3.9141
3.5522
3.8108
3.8085
3.0957
3.0268
3.1381
3.6094
3.625
3.7365
3.8478
3.2902
3.8474
5.0003
3.8363
3.4918
3.7682
3.9265
3.7958
5.2591
3.9519
3.9167
3.3879
3.6924
3.3115
3.1945
3.834
3.6986
3.7069
5.0822
5.2099
3.6951
3.9871
3.9452
3.9174
3.2603
5.2403
3.6711
3.41
3.6844
4.7859
3.4874
3.3347
3.6195
3.4003
3.761
3.7872
3.8196
4.9411
4.8773
3.5581
3.7404
5.1581
3.4191
2.9656
3.2037
3.3041
2.7001
2.6804
3.5239
3.8255
3.5788
3.7485
3.826
5.054
3.8233
5.0365
5.0818
3.1491
3.9744
3.545
3.6597
3.8214
3.567
3.8946
3.6184
3.3133
3.4644
3.805
3.4323
3.6641
3.3517
3.7264
3.7023
3.7329
3.6109
3.0804
3.1962
3.6226
3.6055
3.608
3.8352
3.6799
3.663
2.9335
3.6726
3.5423
3.0548
3.0444
3.4451
3.8242
3.4266
3.8437
3.5958
3.5875
3.4119
3.3928
3.3129
3.6292
3.8234
4.8882
3.4037
3.7643
4.9452
5.1121
4.3541
3.8611
4.0009
5.0157
3.5099
3.4488
3.7672
4.9077
4.9719
3.6536
3.5514
3.27
4.7939
3.9654
3.9274
3.5989
3.8524
3.7537
3.8746
3.8968
4.9702
3.5474
3.5635
3.9512
5.1128
3.1474
2.5444
2.8342
3.2541
3.7794
3.5421
3.4147
3.5796
3.6455
3.249
3.0883
3.7592
4.844
3.3531
3.8526
5.1322
3.6548
3.2838
3.3315
3.4864
3.3534
3.5152
3.3298
3.3209
3.4677
3.6906
3.4992
3.4903
3.5497
3.0283
3.4375
3.4825
3.7211
3.8244
3.5477
3.6785
3.6822
3.7891
3.2331
3.3587
4.9713
3.4084
3.4426
2.9681
3.5132
3.7466
3.7988
3.7482
3.6722
3.7573
3.751
3.6085
3.6472
4.0584
5.12
3.7769
3.9956
3.8264
3.8352
3.8859
3.0269
3.113
2.8395
3.6821
3.9078
3.937
3.9226
3.8246
3.6913
3.6884
3.9112
3.4902
3.0604
3.2884
2.8656
3.411
3.3875
3.5551
3.838
5.0172
3.7454
3.7913
3.8993
3.7991
3.8382
3.9016
3.7644
3.7774
3.4042
3.652
3.6889
3.9062
3.8374
3.4724
3.6066
3.8927
3.614
3.1971
3.3673
3.7426
5.0102
2.959
3.6179
3.4585
4.1472
3.2197
3.827
3.8272
3.8864
3.4205
4.039
3.8719
3.7466
3.5935
3.5914
3.0819
3.6789
3.2544
3.8499
4.9662
3.8364
3.532
3.736
3.6473
3.6537
3.824
3.3681
3.6649
3.8086
3.7059
3.647
3.8463
3.9036
3.974
4.9041
5.0601
5.2332
5.3044
3.0418
3.7931
3.7837
3.7317
4.9605
3.5638
2.8206
3.7953
3.8282
2.6308
2.9743
2.6578
3.8961
3.9394
5.0732
3.8656
3.7292
3.7929
3.6144
3.9745
3.3194
2.5392
3.1554
3.6254
3.4885
3.7438
5.0733
4.8958
3.8254
3.4533
3.7475
4.9529
3.9884
3.6166
3.794
3.0352
3.4272
3.3906
3.464
3.7611
3.9281
3.487
3.3389
2.9948
2.8492
3.1226
5.1229
3.4684
3.7327
3.493
3.5756
3.7148
3.8117
3.7839
3.7036
3.8017
4.9835
5.1395
3.5308
3.5075
3.6229
3.5929
3.839
3.2171
2.7837
3.7403
3.6274
3.1379
5.0406
5.0944
3.597
3.5492
3.7884
3.8821
4.9851
3.5874
3.5934
3.7968
2.8226
3.0285
3.4709
3.882
3.6456
3.4305
3.3535
3.6765
3.7932
4.8822
4.0995
3.8774
3.6964
4.2126
3.2805
3.8091
3.7804
3.7835
3.7365
3.8303
4.9764
3.2188
3.8193
5.0615
4.9403
2.8827
3.1845
3.7469
3.3299
3.6245
3.3743
3.7332
3.286
3.7146
3.4871
3.5757
5.0842
3.5052
3.5823
3.8452
5.1181
4.8971
4.0538
3.2735
3.8655
4.0738
3.7516
4.0163
3.5184
3.3639
5.0886
2.9648
3.2788
3.6873
3.8149
3.6339
3.6486
3.7098
3.5475
3.7154
4.9796
4.9684
5.0826
5.0223
3.9127
3.7816
3.4417
3.6249
3.3566
3.7137
4.2753
3.2683
3.0817
3.4146
5.0431
5.2732
4.8201
5.0643
3.5165
3.4725
3.155
3.4474
3.6528
3.7344
3.8466
5.127
3.5359
3.7986
3.4541
4.9082
3.6666
3.8614
3.6287
3.7911
5.0313
3.9312
3.2113
3.3716
3.7834
3.6462
3.5484
3.7171
3.7381
3.7842
3.6964
3.9463
3.9658
4.005
3.9259
4.962
5.096
3.106
3.1241
3.2888
3.4833
2.6335
2.8151
2.7528
2.8621
3.2583
3.7799
3.9005
3.9234
5.0728
3.9837
3.8487
3.4403
3.8571
3.8591
3.6204
3.7826
3.7675
3.8515
4.0276
5.0643
3.8617
3.6235
3.4484
3.419
3.6237
3.5085
3.2867
3.4606
2.9533
3.7414
4.9933
4.1325
3.7642
3.6012
3.6856
3.5808
3.287
3.5948
3.3514
3.5939
3.6905
3.862
3.9272
2.7052
3.6109
3.3788
3.7793
3.431
3.8581
2.8376
2.6281
3.3518
3.3867
3.7502
3.465
3.3388
3.281
3.7434
3.2008
3.3446
3.7819
4.8785
4.9351
3.5513
3.9456
4.9878
3.8461
3.9154
5.3634
5.1045
3.6813
4.7612
2.9143
4.5291
3.9233
3.718
3.9242
4.9296
5.0545
5.0416
3.8553
3.7414
3.6417
3.7412
3.8199
3.5702
3.545
2.911
5.0482
3.4903
3.0049
2.8284
2.8975
3.5999
3.5345
3.6861
4.9255
4.0138
4.9705
5.1813
3.2154
2.9283
3.1352
3.629
3.7778
3.3178
3.6394
5.1132
5.0314
4.9181
4.2915
3.8784
4.7861
3.525
3.3639
3.5917
3.954
3.5616
3.6519
3.5915
3.4845
3.4622
3.4635
3.7471
3.7722
4.8747
5.0376
3.4609
3.2227
3.6101
3.1095
3.6149
5.0091
4.9345
5.0969
4.0897
3.3082
3.4298
3.7733
3.8535
3.7328
3.9006
3.8766
3.9202
3.9624
3.0359
5.3023
3.4553
3.2926
3.074
4.9816
5.0127
3.4831
3.6395
3.7569
4.8054
4.0242
4.126
3.714
2.991
3.5483
5.0894
3.4902
3.7726
3.7949
3.3126
3.6283
3.844
3.3471
3.8436
3.3735
3.4473
5.0786
3.3204
3.8509
3.49
3.6253
3.7818
3.865
3.4819
3.6414
3.7308
3.7763
3.4617
3.9228
3.765
3.4658
3.5225
3.6705
3.4973
3.6223
3.1429
2.8294
3.3697
3.6303
3.4273
4.0503
4.224
4.0536
3.7661
3.5703
3.5878
3.0395
3.4254
3.6207
3.4047
3.7151
3.984
3.8979
3.5612
3.6955
3.7404
4.3579
3.8051
3.8868
3.7266
2.8911
3.679
3.6007
3.6343
3.0991
4.7515
3.8302
3.7064
3.7776
3.8626
5.0767
5.0907
5.0576
3.0197
3.2165
3.3964
3.5139
3.2951
3.2606
4.413
3.0742
2.9403
3.4062
3.7044
3.6495
3.729
3.6097
3.6195
3.8343
2.7674
3.1614
2.9082
3.5014
3.509
3.547
3.666
4.8714
3.8485
3.4789
3.4784
3.2923
4.95
4.0307
3.3457
3.2958
3.5765
3.8615
5.0481
4.9796
5.0313
4.9591
3.2261
3.6539
4.7984
3.4286
4.5027
3.2988
3.5831
3.8718
3.6146
3.6289
3.6913
3.8062
3.7691
3.6834
3.6649
3.8623
3.6741
3.709
3.5356
3.6013
3.5168
2.7218
3.1576
3.833
3.6446
3.2922
3.3641
3.4466
3.7814
3.8059
3.6204
3.7226
3.8656
3.5706
4.8063
3.3995
3.2718
3.7027
3.9046
3.6683
3.777
3.7661
3.491
3.7327
3.6976
3.8536
4.9047
5.1453
5.2131
3.8044
4.9525
4.8482
2.9277
3.3081
3.6947
3.2144
5.0024
3.6622
3.7793
3.8588
3.8714
3.5127
3.446
3.5828
2.7109
3.267
3.2847
3.674
3.529
3.6243
5.1607
4.0736
3.6402
3.5472
3.6123
3.5837
3.8077
3.7715
3.4252
3.3442
4.2552
4.9416
3.3003
3.812
3.8412
3.7102
3.8569
3.7212
3.8701
5.1251
3.7257
3.4131
3.7531
2.9326
3.7416
3.7395
3.7663
3.5678
3.5268
3.3967
3.7078
3.7416
4.3425
3.1312
3.5943
3.7563
3.5224
3.6405
2.5345
2.7386
2.7309
2.9316
3.5119
3.1085
3.7971
3.531
2.7724
3.486
3.5225
3.1588
3.7475
3.9973
2.8535
3.1503
3.4443
3.9001
3.9765
3.6659
3.6978
3.8562
4.0441
4.6909
3.7897
3.7648
3.6727
3.712
3.285
3.7393
3.4711
2.6294
3.6757
3.1803
3.4524
3.3693
3.2511
3.7164
3.1856
3.4161
3.4259
3.405
3.7988
2.9741
3.743
3.6176
3.7847
3.7157
3.6544
3.6282
3.8852
5.1827
3.6275
3.6084
3.628
4.703
4.0671
2.8853
2.2537
4.5701
3.7729
3.4181
3.7284
3.8646
3.803
3.8745
3.6736
3.7479
3.3535
3.6632
3.7062
3.9372
3.013
4.2229
3.3991
3.5585
3.8894
3.6111
3.3922
3.5339
3.1966
3.3779
4.026
3.6265
3.6293
3.8932
3.2762
3.3137
3.5491
3.4639
3.3631
3.5225
3.6848
3.6069
3.8127
3.6748
3.5373
3.7801
5.1361
3.6632
3.1683
4.9767
3.5088
3.7792
3.7381
4.1299
3.9128
5.0099
5.0189
3.9592
3.451
3.4534
5.0959
3.5196
3.4626
2.9259
3.7322
3.7909
3.7816
5.2172
4.9752
3.9673
3.7913
3.8277
3.8932
3.7105
3.8015
3.4748
3.8717
3.3457
3.9305
5.3404
3.7263
3.8037
4.9139
3.6346
3.1155
