AMD Radeon RX 7900 XT, Driver version: 2.0.331
21.3037
2.0233
2.7136
2.4431
2.5528
2.4009
2.3635
2.4688
2.4797
8.2438
2.0727
2.4242
2.3268
2.3362
2.4369
2.2008
2.2661
2.28
2.265
2.1304
6.5787
2.35
2.6156
2.8295
2.7696
2.6948
2.5803
2.6498
2.559
2.6131
2.5611
7.0797
2.1222
2.8792
2.5777
2.5681
2.4074
2.4286
2.2748
2.3347
2.3556
6.9546
1.9376
2.2236
2.1683
2.5139
2.5401
2.4208
2.6424
2.727
2.7091
2.7371
6.9031
2.2416
2.6232
2.4893
2.725
2.7156
2.536
2.5864
2.4673
2.5215
2.3751
2.7215
2.6365
2.388
2.785
2.408
2.3972
2.4428
2.5862
2.3148
2.5347
2.4792
2.7667
2.7821
2.8019
2.7725
2.6856
2.6836
2.6854
2.6385
2.7261
2.6888
2.6433
2.5379
2.5589
2.4904
2.3848
2.3279
2.417
2.4522
2.2802
2.385
2.3663
2.352
2.3257
2.2548
2.2028
2.7986
2.6652
2.8386
2.7969
2.7404
2.6889
2.7345
2.6394
2.5658
2.8755
2.7149
2.6764
2.5329
2.4763
2.5265
2.5241
2.4775
2.4874
2.4484
2.3479
2.4261
2.291
2.5303
2.3776
2.3442
2.4277
2.3358
2.6059
2.835
2.7853
2.8087
2.7466
2.8079
2.6894
2.7251
2.7838
2.7906
3.0879
2.6078
2.6793
2.5791
2.516
2.6275
3.6258
2.7409
2.875
3.332
3.174
3.8555
3.5467
2.9975
2.3549
2.2597
5.0712
2.7232
2.841
2.6888
2.9014
2.8604
2.7782
2.8418
2.6278
2.7167
2.7094
2.7127
2.6029
2.6833
2.65
2.5577
2.6272
2.708
2.6592
2.5006
2.4707
2.5103
2.4232
2.4383
2.2619
2.4211
2.4883
2.7503
2.72
2.6717
2.9988
2.9654
2.8406
2.6988
2.9863
2.7451
2.663
2.6811
2.5287
2.7124
2.6409
2.5083
2.8781
2.6436
2.5069
2.5515
2.4022
2.5185
2.496
2.3721
2.4408
2.3148
2.5801
2.378
2.8703
3.0942
3.0673
3.0091
2.7703
2.8222
2.8055
2.7937
2.7387
2.7751
2.6168
2.6979
2.6861
2.7056
2.855
2.6311
2.5441
2.5783
2.402
2.5617
2.4845
2.5755
3.443
2.698
2.4841
2.689
3.0431
3.1578
3.0735
2.7612
2.9242
2.8307
2.8159
2.805
2.7625
2.8141
2.7484
2.9431
2.834
2.7006
2.6929
2.655
2.6922
2.5768
2.5773
2.5511
2.5199
2.4854
2.5182
2.401
2.5308
2.6677
2.3568
2.9452
2.9535
2.967
2.935
2.8909
2.8503
2.8905
2.7798
2.8239
2.7006
2.8173
2.7938
2.7485
2.743
2.5899
2.622
2.4568
2.6339
2.4831
2.5906
2.5038
2.7452
2.5511
2.5398
2.8167
2.6583
2.8001
3.0173
3.0209
2.9833
2.9547
2.8999
2.9313
2.959
2.9579
2.7459
2.8506
2.8047
2.768
2.7685
2.7556
2.6794
2.6837
2.5943
2.6306
2.8577
3.3623
2.9457
2.7126
2.6198
2.5326
2.5638
3.0258
2.9758
2.9611
2.9428
3.0326
3.195
3.0679
2.9304
2.8956
2.8599
2.8557
2.8481
2.8056
2.7662
2.7168
2.7336
2.9598
2.8692
2.76
2.5892
2.6685
2.5636
2.5729
2.5425
2.4954
2.4842
2.664
2.8021
3.0192
3.1792
2.9569
3.0999
3.2558
3.002
2.8241
2.9328
2.9105
2.8631
2.8563
2.8451
3.484
3.1834
3.0078
2.8664
2.7943
2.7134
2.6366
2.5717
2.6519
2.5943
2.6152
2.478
2.7575
2.4942
3.0957
3.0127
2.9757
2.9905
2.9453
2.9766
2.9025
2.945
2.8402
2.961
3.044
3.0403
2.9148
2.8804
2.8103
2.8199
2.7975
2.7922
2.9531
2.7565
2.6229
3.0263
2.8307
2.8336
2.6766
2.6337
3.0431
3.1304
3.0487
2.9715
2.9925
3.0429
3.1232
3.2186
3.1191
3.0344
2.9398
2.9111
2.887
2.8242
2.824
2.8127
2.6844
2.7515
2.8654
2.6542
2.7309
2.6993
2.5518
2.6434
2.5582
2.6761
2.3692
3.0945
3.1514
3.0771
3.3959
3.4589
3.1711
2.979
2.9265
3.0388
2.9163
2.7417
2.9398
2.9075
2.9276
3.0941
3.1593
2.9881
2.9135
2.8505
2.7036
2.6406
2.6912
2.6752
2.6318
2.6193
2.9266
3.3641
3.5077
3.2617
3.2994
3.2252
3.0134
3.0632
2.9699
2.9925
2.9277
3.444
3.5958
3.2901
2.9594
2.8789
2.8732
2.8112
2.81
2.8363
2.7747
2.7276
2.9048
2.8524
2.8919
2.7654
2.4588
3.2467
3.1279
3.0703
3.0545
3.0148
2.874
3.0058
3.3707
2.9591
2.9772
3.0662
2.9975
2.9953
2.9584
2.9246
2.6842
2.7802
2.872
3.0179
2.9522
3.1474
3.0679
2.8711
2.8576
2.7784
2.7691
2.7066
3.1246
3.2199
3.6206
4.2237
3.702
3.5446
3.2668
3.3568
3.2536
3.1102
3.0395
3.0104
3.0975
3.4392
3.319
3.0695
2.9646
2.9224
2.8121
2.7898
2.8338
2.7807
2.6869
2.8497
2.8731
2.9991
2.6533
3.1225
3.0869
3.1749
3.2917
3.2563
3.0993
3.0926
3.4069
3.8822
3.4842
3.0514
3.0065
2.9708
2.9002
2.9138
2.9131
2.7501
2.9294
2.8723
3.0168
2.8555
3.0505
3.301
2.8402
2.7872
2.8123
3.089
3.3918
3.2601
3.3814
3.0367
2.9487
3.148
3.0529
2.9993
3.0099
3.0929
3.9916
3.2302
3.2193
3.1787
3.1132
3.0245
2.9087
2.9018
2.9255
3.0023
3.0158
2.9818
2.9797
4.0099
4.5281
3.1622
3.3012
3.1746
3.295
3.1165
3.2272
3.2094
3.1675
4.0047
4.5357
3.5538
3.2783
3.0101
3.082
3.121
2.9912
3.0743
3.127
3.3829
3.5032
3.3118
3.1607
3.0576
2.8603
2.8667
2.8105
3.0228
3.0492
3.4302
4.0037
3.7131
3.4168
3.145
3.201
3.2393
3.1629
3.1855
3.1104
3.0111
3.6365
3.5567
3.264
3.3397
3.1877
3.0504
2.9986
2.9481
2.9649
2.8525
3.1403
3.1068
3.0042
2.8092
3.2935
3.2637
3.3854
3.3179
3.2261
3.1551
3.3592
3.2935
3.0273
3.0773
3.1614
3.0535
3.1617
3.107
3.0996
2.9354
3.0802
3.4106
3.3846
3.1563
3.177
3.031
2.9196
2.9242
2.887
3.0011
3.1543
3.3362
4.4681
4.5554
4.1035
3.7575
3.2842
3.0886
3.1587
3.3022
3.234
3.5117
3.2322
3.2182
3.1224
3.0498
3.0348
3.1288
3.0724
3.0967
3.3526
3.2655
3.5862
3.2649
2.9867
2.9124
3.0306
2.7131
3.3819
3.3494
3.2934
3.2773
4.3612
4.283
3.7559
3.2811
3.3237
3.184
3.2266
3.042
2.9727
3.9368
3.1674
3.1138
3.0294
2.9861
2.9491
3.0423
2.805
2.8471
2.7605
2.9707
2.8014
2.9868
3.18
3.5462
3.218
3.3363
3.4258
3.2547
3.2878
3.5527
3.8888
4.8358
4.1381
3.9673
3.3113
3.2018
3.1717
3.1936
3.22
3.1108
3.2071
3.5099
3.5853
3.1343
3.0738
3.0182
2.856
2.7275
3.2975
3.5278
3.4903
3.8653
3.6315
3.3359
3.4271
3.3781
3.3467
3.4335
3.2871
3.1072
3.3771
3.7437
3.4197
3.1681
3.2537
3.2422
3.1861
3.2511
3.1049
3.0649
3.2779
3.2482
3.0499
2.9816
3.1489
3.2109
3.3986
3.1957
3.3411
3.4424
3.6342
3.6754
3.4827
3.3088
3.1248
3.383
3.2821
3.1693
3.1586
3.6577
4.6772
3.6899
3.5922
3.4526
3.3894
3.1541
3.071
2.9914
2.9854
2.9622
3.555
2.9545
3.5575
3.3853
3.4293
3.4683
3.2191
3.4971
3.2245
3.1093
3.5164
3.4399
3.2581
3.3079
3.1698
3.2205
3.2062
3.2388
3.2537
3.0638
3.5233
4.9097
4.074
3.1147
3.3933
3.0318
3.0103
3.0719
3.3431
3.7239
5.3573
4.7258
4.2198
3.9789
3.4795
3.4559
3.2439
3.4987
3.7542
3.9338
3.5213
3.2749
3.2926
3.0758
3.2926
3.0084
3.1108
3.0938
3.6516
3.6495
3.5095
3.2828
3.3708
4.1156
3.916
3.6691
3.5977
3.8823
3.5962
3.6699
3.4124
3.5058
3.38
3.5162
3.3973
3.2492
3.4041
4.0588
3.686
3.3387
3.0966
3.2016
3.1339
3.2541
3.1563
3.079
3.2028
3.739
3.6324
3.3353
3.373
3.4472
3.6307
3.6247
3.4029
3.4365
4.3801
6.3811
4.4062
3.529
3.4284
3.4116
3.3864
3.3149
3.357
3.7861
3.6772
3.5271
3.221
3.4025
3.3531
3.0827
3.1714
3.2373
3.4473
3.2702
3.4493
3.1962
3.6352
3.5974
3.4355
3.6327
3.694
4.8284
5.1898
4.5964
3.7308
3.5238
3.5286
3.2986
3.4946
3.3834
3.5114
3.5472
3.2198
3.386
3.0555
3.221
3.0606
3.2733
3.1607
3.2132
3.1893
4.1891
4.0213
3.6918
3.5692
3.723
3.6684
3.433
3.6217
3.4325
4.3126
4.1812
3.737
3.8841
3.668
3.3884
3.3898
3.3637
3.4182
3.3859
3.2743
3.4641
3.4139
3.2321
3.2239
3.2551
3.1623
3.3664
3.1586
4.3687
4.1633
3.6948
3.6697
3.7014
3.5093
3.6555
3.4582
3.6417
3.8515
3.4616
3.8354
4.7388
3.9906
3.6863
3.6769
3.4032
3.6053
3.729
3.5394
3.2703
3.025
3.1706
3.245
3.2469
3.2207
3.4191
3.9166
4.8774
4.1706
3.8566
3.5731
3.6672
3.6666
3.4242
3.5007
3.909
4.269
3.7719
3.6872
3.7493
3.7332
3.4974
3.577
3.5837
4.0763
3.923
3.7748
3.6601
3.3809
3.2398
3.1012
3.6725
3.7614
4.574
4.6163
4.2873
3.8355
3.7642
3.564
3.6563
3.6945
3.491
4.8779
4.4293
4.0248
3.3288
3.2659
3.575
3.7032
4.6997
6.0182
5.4391
3.6804
3.568
3.3189
3.2922
3.3755
3.3681
3.9052
5.361
4.7341
4.3994
3.8332
3.7025
3.598
3.5708
3.8707
3.8148
3.4874
3.6307
3.4983
3.6091
3.6417
3.3511
3.4502
3.6357
3.7913
3.6006
3.4626
3.5978
3.5628
3.4791
3.3119
3.4686
3.0693
4.1188
4.0462
3.9765
3.6692
3.8998
3.7118
3.6548
3.6005
3.8472
3.7072
3.7766
3.8161
3.7597
3.4414
3.5067
3.5203
3.5817
3.3888
3.6504
3.5288
3.7455
5.0689
4.8253
4.3383
4.227
3.9598
4.479
4.7245
4.3603
3.9014
3.8763
3.6916
3.6989
3.4785
4.134
5.8965
4.8369
3.6714
3.7138
3.7805
3.556
3.6406
4.2256
4.3336
3.9191
3.6573
4.1011
3.6718
3.2758
3.5068
3.4541
3.694
4.2579
4.0668
3.8404
3.8055
3.8055
3.7968
3.8576
4.1742
4.249
3.9556
3.7631
3.8327
3.803
3.6031
3.5809
3.6461
3.737
4.0033
3.7332
3.752
3.5319
3.5426
3.6288
4.515
4.5289
5.7651
5.1447
3.8831
4.0223
3.8238
3.9146
3.9227
3.7816
4.4993
3.8981
3.8493
3.9481
3.5812
3.8085
3.7993
3.7088
4.2551
4.0649
3.557
3.531
3.6608
3.4
3.5251
3.412
3.7256
7.7276
6.1285
5.865
5.0097
5.1937
4.9849
5.2669
4.287
4.0214
4.0377
3.7455
3.9603
3.6535
3.8109
3.9896
4.0549
4.0069
3.9742
3.924
3.8519
3.9176
6.3282
8.9789
7.0918
6.2386
4.4629
3.9435
3.8856
6.1385
4.9053
4.5109
4.5654
4.3367
4.0669
4.1455
6.1105
4.8094
4.504
4.2883
3.9513
3.7788
3.6672
5.0327
4.6981
4.3756
4.0597
3.9586
3.8386
3.7877
3.6861
4.3295
4.4281
3.9573
3.909
3.6948
3.6149
3.9679
4.15
4.4427
4.6114
4.2764
3.8334
3.9659
3.937
3.9306
4.0321
7.1572
6.375
4.6917
4.3555
3.7533
3.7619
4.3471
4.3789
5.2863
4.8517
3.6249
3.7141
3.6991
3.5722
3.6181
3.9642
5.8594
5.2238
4.4579
4.0436
3.9495
3.988
3.942
5.7808
4.639
4.1824
4.38
4.2686
4.1893
3.9568
4.4381
4.4272
4.0985
3.8933
3.8524
3.8493
3.9198
3.8515
3.7301
3.9306
4.0616
3.8619
4.1108
3.5814
4.1608
4.0587
3.8395
4.9284
4.5727
4.6965
5.9798
5.4669
5.0867
4.9193
5.0026
4.6806
4.541
4.4053
4.0964
4.0135
3.9016
4.8103
7.3083
5.7898
5.342
5.4022
4.5392
4.9816
4.4718
4.5384
4.0939
4.4043
4.6406
4.2996
4.3224
4.8415
4.4438
4.1191
4.1627
4.3024
4.3421
4.0481
4.4532
5.5968
4.9144
4.8875
4.7157
4.6119
4.7606
5.5972
6.8606
6.9633
6.1576
5.4758
5.8307
8.2223
6.928
6.3539
5.9583
4.4794
5.2834
4.8056
4.4482
4.2239
4.0748
3.9815
3.9141
4.6586
5.4016
4.6717
4.441
4.3009
4.2547
4.3033
4.571
6.1808
5.0398
4.6282
4.4291
4.088
4.087
4.5287
5.0232
4.742
4.6087
4.4131
4.2378
4.3792
4.1886
4.9614
5.69
5.0866
4.7882
4.475
4.745
8.6367
8.7962
7.3244
6.9573
4.2858
4.5649
4.8214
4.0314
3.8063
3.9022
3.8563
3.7921
3.7928
4.2215
5.0009
4.446
4.2003
4.2896
4.1645
4.3023
4.2858
5.9611
5.2789
5.0006
5.4063
4.8758
4.6925
4.9365
7.8424
7.0027
6.2487
5.6311
5.3998
7.9476
7.8505
6.8406
6.7913
8.4294
8.3082
5.1668
4.7514
4.2674
4.3346
5.0132
5.7385
4.765
4.4549
4.4675
4.1968
4.2476
4.6095
5.5334
4.7378
4.5552
4.3319
4.3444
4.1712
4.6916
8.2066
6.2569
5.6274
5.2115
4.8355
7.6697
6.2784
5.6157
5.3913
4.6114
5.1568
6.639
5.4992
4.9731
4.8051
4.362
4.5199
9.6962
10.1811
7.8346
6.5894
8.7909
7.5636
4.9184
4.4625
4.2703
4.0645
7.4639
6.8627
5.7825
4.4207
4.3015
3.9842
6.9175
6.7556
6.196
5.5595
5.4479
5.1619
5.268
4.5786
4.4927
4.6211
4.4784
4.4963
4.2781
5.3844
5.0169
4.587
4.0239
4.0377
3.885
3.8784
3.961
4.8877
4.549
7.9744
7.5605
6.8024
8.7813
7.7901
7.1819
5.9619
6.9453
8.433
7.677
6.8055
6.0974
7.873
7.0539
6.7075
6.2822
5.6785
8.8372
8.4298
7.0437
4.3954
4.2172
4.8752
5.8736
5.2027
5.0177
4.7514
4.6841
4.3265
7.6935
6.7348
4.5997
4.1221
6.7137
12.1809
8.5888
7.1872
4.5989
4.903
10.6876
6.3097
5.786
5.2519
6.1211
9.4322
7.3953
5.0513
4.4535
4.5498
10.653
8.4162
5.8111
5.0868
4.8027
5.2533
4.2664
4.2674
4.1479
3.803
4.6972
4.6359
5.1688
4.607
4.725
4.7489
4.4992
4.5446
4.2739
4.7266
7.4605
6.6715
8.9217
7.7947
10.8569
8.9739
8.2314
7.671
7.1698
4.7501
4.5856
4.2391
4.0574
4.4384
10.4635
9.5068
7.9378
7.5474
8.089
7.7705
6.6156
6.0859
6.4074
7.0339
6.2541
5.2701
5.033
4.978
5.7682
6.5454
7.6149
6.3735
6.1414
8.9402
12.0664
10.2352
9.4667
9.4408
6.0813
4.7395
4.3951
4.4064
10.4529
7.1151
6.528
6.2293
7.7883
9.51
7.8704
7.2041
8.9803
8.5712
7.1223
6.5691
6.5345
9.1673
7.6149
6.5021
6.19
7.2897
9.9603
9.6907
9.4887
11.5112
8.5456
6.483
4.6487
4.9026
8.5879
7.3598
6.2092
5.831
5.6461
6.4401
5.0139
4.5973
5.2892
4.9882
4.7838
6.0663
5.4785
5.2438
4.9274
4.317
4.2517
4.9397
9.7186
8.4161
7.0156
6.0479
12.4704
8.7023
7.8068
7.9617
7.9556
6.2222
5.1664
5.0984
4.5339
9.82
8.5252
7.7761
7.4041
12.1493
10.2005
8.829
10.3316
10.0122
8.268
5.3822
8.572
8.0847
6.7862
4.6584
4.3694
5.1235
8.7115
8.8226
7.9494
10.1778
11.6811
6.3717
6.3992
14.6507
11.5101
9.6476
10.5049
9.5976
7.2794
8.8315
10.6854
7.9998
7.9639
8.4004
12.1953
8.4589
7.5098
9.1433
6.7269
6.6147
6.1073
5.667
7.4111
6.1576
5.6015
5.4783
5.3057
5.3062
10.4044
8.8773
7.4273
7.2785
7.4425
6.6671
5.9424
5.5655
5.4362
8.4548
8.0474
5.808
5.2644
4.6208
4.9823
5.1854
5.165
5.2344
4.7968
4.6815
4.392
5.276
7.1364
5.7346
5.3916
8.0184
10.5662
8.4723
5.253
5.2928
4.9211
6.2178
6.0473
5.1669
4.7628
4.8094
4.5939
4.5512
7.9707
7.4313
6.2114
4.5977
4.7594
6.9429
5.5768
5.0143
4.8593
4.5361
4.6462
4.5451
5.5044
4.7948
4.579
4.7561
4.2144
4.6376
5.2464
6.4093
5.8297
5.0987
5.1564
5.1489
5.3014
7.9641
8.8133
8.3963
10.4578
9.9669
8.3182
7.9609
8.2584
8.2041
7.7883
6.968
6.4571
11.3236
9.8603
6.8545
7.5388
8.7469
8.811
7.8131
8.2394
7.8345
7.4283
6.8746
6.4498
8.343
10.8945
9.5366
9.8024
10.7402
9.5195
7.2236
11.0384
11.2033
7.796
8.5545
8.6516
7.7761
6.1149
4.751
9.7127
7.6585
5.8053
5.4163
5.066
9.3828
10.584
8.9931
8.5536
8.7548
7.6692
6.9072
9.2619
14.1129
11.5222
11.8015
10.5851
6.5677
6.9317
7.0752
7.0289
5.793
5.6897
6.0277
5.8515
9.117
7.3261
7.3504
6.6829
7.5267
7.1132
6.6906
6.5155
6.5216
9.3788
8.8956
6.3856
5.9693
5.8428
6.7071
10.2634
9.1937
9.0206
8.8604
7.7269
7.0394
6.6051
11.2978
9.343
8.1899
8.8359
7.0405
6.0784
6.028
5.5647
6.1801
13.1724
10.7646
5.8494
12.6905
11.8736
10.3481
11.2943
12.8111
10.0696
12.1398
10.1395
5.6921
7.1663
10.671
9.4741
8.7005
9.9824
9.3005
8.0322
6.7965
10.4596
8.3295
6.303
5.8637
6.2277
7.1192
6.2876
5.8442
5.7496
5.7682
9.2344
8.0443
7.2517
7.1475
12.6481
9.1377
8.2911
8.1597
8.2903
7.3762
6.648
6.2148
7.6113
7.1982
6.7635
5.6287
5.4016
6.3927
5.6
5.7679
5.3837
4.9896
4.7787
5.8856
7.8175
7.5585
5.7692
5.311
6.1552
8.488
7.5995
7.0853
6.584
12.3173
12.164
8.666
15.1153
12.4351
12.3628
10.8301
9.3324
8.6554
10.1042
8.0766
7.241
6.6147
8.1882
7.2184
6.9502
5.1423
5.784
7.8336
6.7563
5.9552
5.6818
5.3953
7.4808
6.5718
6.7212
12.1142
12.5337
11.0066
10.0278
11.4378
9.0247
8.2595
7.4899
10.7869
8.5224
8.0592
8.1994
11.1116
9.8573
9.0995
8.7421
7.4084
6.6315
6.4016
6.1023
7.0144
5.9991
6.3547
8.0468
7.9917
9.2744
8.2009
7.4118
7.2649
9.9267
7.3777
6.8828
6.5904
7.4312
6.7491
5.8576
5.507
5.6029
14.0489
13.9223
13.4265
12.2035
13.4017
23.6845
18.7873
12.2504
12.9164
15.5741
13.3143
13.4126
12.098
11.4227
13.9737
12.2966
14.8966
13.8463
14.0888
15.4783
18.4192
19.3611
16.3858
14.712
11.4735
11.0556
9.5871
8.3759
8.2101
10.274
9.0656
7.8384
7.9634
8.5688
7.3798
6.8514
6.4518
7.3022
7.1762
6.2933
5.9409
5.6389
6.6597
8.7524
12.5903
12.6133
15.0748
13.3465
14.2013
9.6332
7.0296
13.5696
12.66
16.0583
12.726
10.0161
11.3528
10.2723
9.8158
10.275
11.0032
10.7773
13.3353
11.7798
10.8466
11.7106
12.0289
9.231
10.7829
13.6511
12.3489
11.7996
9.5332
8.362
8.5093
8.8659
8.1036
7.5073
7.2726
9.9638
8.5245
7.8393
8.4237
15.9515
12.2485
12.6793
10.7445
8.7819
10.9846
9.8053
8.5879
8.3192
12.2507
9.964
9.2027
12.5078
7.4099
6.8155
6.9395
10.6862
8.8008
6.802
6.3028
10.5099
9.7841
8.7691
9.14
9.0183
7.5483
7.3258
6.927
12.8898
11.0674
10.3066
11.8887
10.3613
9.2212
10.4463
9.0873
8.0805
8.1429
11.0194
9.4459
8.4474
9.1551
7.204
6.9037
6.3709
11.9789
14.5555
12.4314
11.1374
9.025
8.1319
8.3881
8.4018
7.2005
6.7594
6.4612
10.2171
7.6105
7.3867
6.8445
8.7232
7.7228
6.9594
6.511
6.307
8.7364
7.5726
7.0203
6.4886
9.4804
13.9744
17.2278
15.8775
14.2534
14.8646
12.0117
11.2777
9.7007
9.396
8.9158
13.1481
11.6303
11.5554
11.9572
11.4464
11.6009
12.7479
14.1049
13.4103
12.2491
8.406
13.3625
11.7584
9.6785
8.6418
6.9838
6.5641
6.5374
6.9939
14.503
12.678
14.0063
13.034
11.6882
11.7693
11.4678
11.4838
14.5259
10.5914
11.5845
11.3408
9.7828
10.2947
11.4307
9.6079
10.7518
11.9829
9.9151
10.3109
12.3686
9.8376
8.9741
11.7463
9.1494
8.6271
12.3525
12.4983
10.6116
11.3665
7.5569
5.7587
5.6528
6.1443
10.8771
7.5625
6.7051
6.8166
14.1453
13.3747
13.6874
13.0861
11.7457
10.5302
8.1969
7.4652
7.1885
12.3868
12.0859
11.4211
11.017
8.5294
7.7513
9.7255
11.7117
9.0401
10.7991
14.4604
12.7739
12.8792
8.4502
7.7955
7.8381
11.0512
7.302
7.2639
6.295
12.0482
12.568
13.0281
12.0687
11.0044
11.5861
13.6553
10.6545
12.2915
11.2493
10.5299
12.5547
11.4096
10.7314
10.033
7.5266
7.2121
6.5906
7.2269
9.4005
13.5399
12.874
11.531
10.1815
12.1207
11.8689
10.6813
12.4308
12.193
10.8858
11.3711
9.8165
8.2381
8.911
11.1024
9.4934
8.7259
14.2312
12.4228
15.6438
16.0911
15.3011
14.5169
15.9055
15.5385
16.0507
16.3979
13.6461
12.3321
8.6044
7.3631
8.4849
15.4929
13.4417
15.9347
10.2266
7.6333
10.1404
7.2534
6.8716
5.9434
5.7985
16.1277
10.4473
8.7802
11.2055
10.1829
8.6024
8.5289
7.4578
7.0272
6.4217
7.0095
8.4279
7.2221
6.2915
6.1846
7.8612
11.9055
13.7954
17.0979
15.0057
14.7787
10.627
7.0257
7.3803
10.8781
8.1986
7.9199
13.2482
13.0803
12.9356
15.7174
13.5597
12.233
11.9397
12.2917
12.0727
10.6419
11.8385
15.2351
11.7459
11.2187
10.617
10.8819
13.0769
13.6969
13.2777
13.8908
12.6258
12.0167
9.6894
8.8055
13.2528
15.4737
14.2845
14.1917
12.3301
13.6132
13.4966
14.3255
17.2244
16.7809
16.5474
13.5662
16.7468
13.1241
15.4065
11.7896
12.4993
11.4917
10.1275
10.3195
13.1178
11.5651
12.2352
14.0079
11.9463
13.3266
10.7411
10.2114
11.271
9.01
7.2106
6.8266
12.8246
12.3559
13.5161
11.0381
9.7863
10.3553
12.1866
10.7821
11.9085
9.215
8.2982
7.8962
16.0494
14.24
12.5002
11.2841
10.2033
11.543
11.9622
10.6874
15.6941
16.6005
17.8027
14.3655
13.5509
12.2315
10.1467
11.8979
10.9298
9.5284
11.2276
9.8632
8.7292
8.3128
12.1314
10.648
10.1421
14.8759
15.2149
17.0399
15.9418
15.5464
13.5527
13.0765
13.6729
12.4172
15.1276
14.3214
14.6565
14.3484
15.0219
13.24
9.3396
9.9918
13.6655
11.5449
12.8018
9.1555
8.6405
9.0347
11.5073
8.0724
7.1446
10.793
16.7348
15.6423
16.4899
17.5562
18.2011
16.6069
16.3765
17.8391
14.9163
13.2316
12.9453
11.289
12.2683
11.5157
10.9917
12.3946
11.9686
10.8704
11.7234
8.8205
8.4761
9.0209
9.2256
8.2755
7.6453
9.6841
14.6767
12.0795
13.7716
13.558
14.5632
15.8619
10.904
12.94
12.4396
12.6856
14.1538
12.5425
15.8289
13.7988
14.174
15.4273
18.0868
17.2911
17.8804
16.521
16.1049
12.7234
12.1582
13.742
11.6967
12.5328
12.188
10.395
12.3101
12.2924
14.5287
13.181
11.0941
8.5076
9.6018
8.4099
7.2338
7.0017
8.5429
7.2577
6.7911
7.3343
10.869
12.9698
11.1667
14.3194
13.9444
14.3365
14.7259
13.3256
19.2398
17.4089
13.7911
11.2835
12.9223
11.2194
10.1421
12.1768
11.7196
10.3156
11.8703
9.7087
9.0751
11.8664
11.4024
9.9266
10.8654
9.574
14.1069
13.7773
11.8839
10.9569
11.9876
9.2588
8.0983
10.6694
10.1554
10.1601
15.4531
15.8355
16.2733
16.4447
16.1647
15.3811
16.4756
18.3124
16.5505
14.0096
11.5706
12.874
9.7628
8.3056
11.4138
10.2273
9.2312
14.535
13.6951
12.9298
17.4035
15.3412
19.6113
19.0019
14.3946
10.1768
13.1763
11.3786
11.0212
16.3208
15.1025
13.0714
9.9383
9.3494
10.6562
9.5318
9.133
10.2095
16.0887
17.6338
18.9467
17.4345
15.1453
12.4506
11.3555
7.8149
7.478
18.298
12.767
13.56
13.7385
11.9749
12.5888
9.478
14.3769
15.545
12.6144
13.7622
11.2057
17.1374
14.1972
9.6269
14.8776
11.637
10.0674
11.3752
9.0624
8.1726
8.7093
10.6237
9.1546
8.5803
12.6258
18.2741
18.4318
16.9568
14.3199
10.6717
9.7935
11.2789
11.7476
9.5527
11.2146
11.9352
10.4657
12.0748
10.7158
8.0544
9.6571
15.8227
16.7499
16.5856
13.4989
12.9029
9.3102
6.9198
11.4139
9.075
8.1437
11.6601
16.8895
17.0253
19.0465
19.4313
19.5654
20.0011
18.1116
16.3336
12.4789
13.7699
12.8081
11.6304
14.4771
13.0936
13.7865
13.5032
13.2025
15.5987
13.7424
15.5295
15.2505
15.0356
10.8059
9.7735
12.7197
10.7548
8.3662
12.9615
10.5471
9.5115
12.9913
11.3553
10.1256
12.0231
11.3353
14.0324
15.8755
13.9427
15.2403
12.7457
12.7562
14.8853
14.9744
16.6524
15.4367
14.4517
11.346
11.4629
11.0825
15.5978
19.6452
16.5813
17.0733
14.8735
15.9368
14.817
19.4505
18.1208
18.6949
18.2284
18.2574
20.5149
15.822
14.275
16.8191
16.9666
15.9777
17.2241
17.2938
17.6956
16.2993
16.6527
15.6975
17.5702
19.9225
17.6609
14.0434
13.7771
13.1073
11.523
13.5025
11.1326
14.0166
44.8434
32.7359
28.2357
36.9556
40.8117
35.2323
40.1674
42.6529
36.6184
39.3536
28.7369
36.8093
43.5669
30.3023
27.6544
25.4687
23.4643
13.7375
11.6912
11.3959
11.1098
9.7555
7.5984
9.0331
9.6313
8.1941
6.9174
13.4482
13.2643
11.1038
11.8303
7.9101
8.4509
9.3668
8.5397
7.522
7.3749
6.9347
7.9783
9.0878
9.4758
9.3293
7.4915
6.4212
7.9374
8.081
7.8481
7.3969
7.4426
7.2563
6.9772
6.6169
8.2713
17.1757
15.0149
13.696
10.0299
10.0677
8.359
7.5567
6.8923
7.4545
8.171
9.9829
8.6172
14.239
11.582
9.3541
9.0545
8.7538
8.0916
8.1207
7.8294
12.8565
13.036
12.0405
10.9807
10.4628
9.7683
9.217
7.2909
7.3681
6.8406
7.0067
10.5437
9.7745
7.346
7.1694
8.7327
8.7904
7.8092
7.6023
7.5467
7.7918
7.529
7.7058
7.6038
15.1875
14.9294
10.889
8.4649
7.7346
6.9278
6.7157
6.3701
7.0779
7.1163
7.0719
6.7655
8.6148
12.8744
10.5828
10.1459
8.7781
8.8254
7.2977
7.0275
7.1629
8.7787
7.1178
7.385
7.3298
17.7013
15.5104
13.9329
12.6689
10.4153
9.7014
7.5655
7.3548
8.0505
8.4112
13.6501
10.829
9.8411
9.4701
9.3909
8.6578
8.3624
8.0086
8.0069
7.8495
17.3631
15.0223
13.7233
12.4989
11.7234
10.894
8.7903
8.7814
9.0852
10.1538
9.9734
10.3663
9.466
8.0827
7.6647
7.9504
6.9298
7.3027
6.554
7.5918
6.7852
8.4429
18.8967
12.2841
11.2244
11.4699
9.23
7.8666
8.7381
7.0724
7.2225
7.386
9.2366
9.5882
8.4815
8.376
10.7093
9.7046
8.8305
9.336
8.5792
8.2008
8.0323
15.3008
13.6018
13.0861
12.1263
11.7327
10.6083
8.344
7.5991
7.6854
7.6729
7.4113
8.4015
12.8292
9.9878
7.7221
12.2196
9.8969
8.3123
8.187
7.7394
7.5446
8.4326
20.0222
17.2844
15.4465
13.8962
10.1379
8.3017
7.5432
7.5827
7.6438
9.8045
10.4182
12.1487
9.6664
8.5226
9.1749
8.0593
7.87
8.0854
7.5681
7.6562
7.8555
17.3977
15.5606
14.0349
12.8796
12.0519
9.7157
9.0457
7.9549
7.2902
9.7995
9.9709
10.4931
9.735
8.86
9.182
8.6419
9.0518
8.4847
8.5368
10.3284
14.5546
14.2131
12.8519
12.1505
11.4023
11.0771
9.0326
9.0182
7.7844
11.07
10.9806
9.0586
8.7269
9.3389
8.0819
7.3252
7.9627
7.9095
8.7422
8.1597
8.1187
14.6155
17.8455
16.2442
14.9584
13.8275
11.0626
9.0001
8.0399
8.1957
14.8055
13.1025
12.1519
11.5318
11.1194
9.6214
8.8952
8.6111
17.7954
19.4032
17.4891
12.6583
10.0277
8.2859
8.073
8.3333
11.41
11.6224
8.9126
11.8839
10.6741
9.3893
9.8239
8.4828
8.4162
8.657
8.2029
7.8345
15.5964
16.0918
14.4368
13.271
12.4661
10.9186
8.8447
8.073
8.6939
12.0353
9.7336
11.8383
11.1639
11.5724
11.7115
10.6249
9.9259
9.575
9.3516
16.2913
16.5573
14.4273
13.4161
12.6285
12.0072
10.4444
8.2262
10.4989
11.4993
11.4132
11.7742
10.256
9.1189
8.7801
8.284
7.977
7.743
8.2106
8.3318
19.1011
17.8809
10.7227
9.4074
9.9773
9.4568
8.9883
8.3151
8.3133
10.7033
12.7249
9.6648
10.8012
10.2348
10.0868
9.9488
9.4893
9.8328
10.7551
15.8444
14.4413
13.6277
12.3604
11.8362
10.7934
10.122
9.4894
9.4799
8.7535
10.5523
10.1069
9.5977
9.8085
9.9072
9.0573
8.4908
8.3958
12.7674
18.1109
16.2602
18.4432
17.8765
16.425
14.5787
17.1636
15.3773
14.079
12.7996
10.6704
9.0941
8.4659
12.0596
21.287
17.4432
11.4836
12.1869
12.0583
9.8291
9.9609
11.1127
15.7947
11.0049
10.4374
9.1462
8.5765
8.7427
8.3484
8.8998
8.6271
8.4215
11.9223
21.2993
18.9438
16.5725
15.8435
13.0268
11.2403
11.2349
10.4851
13.3675
9.8399
9.0776
11.0435
9.3327
9.0349
9.0936
8.8157
8.4463
13.9241
18.6361
16.2403
14.2262
13.3588
12.1273
9.8064
27.41
44.3684
42.9567
54.1535
45.6695
50.1195
47.5206
46.6538
41.1425
44.6628
37.4447
31.5595
43.5186
34.0223
21.6612
14.0582
15.5228
12.0347
11.6777
11.6518
10.7605
11.8571
11.3022
10.063
9.6884
9.3897
8.9288
9.008
14.6858
17.0589
16.1432
14.6894
13.7212
12.755
11.9786
10.7625
11.0144
11.5316
10.6587
10.286
10.2491
9.64
9.1638
9.085
8.7903
8.677
8.9509
18.8815
17.5416
15.7843
14.4673
13.3292
12.5995
12.6821
10.9767
13.1864
12.032
11.2802
10.8968
10.3491
9.9686
9.6191
9.2237
18.1313
14.6316
12.6658
12.7494
11.2267
12.2579
11.082
10.7147
10.1337
10.7174
10.774
10.5958
9.9044
9.31
9.5787
10.0397
10.1633
10.2918
20.118
18.408
16.6368
15.1436
13.5707
12.1741
10.1082
11.5889
12.4611
11.9788
10.8119
10.1901
9.4675
9.1371
9.3007
9.0937
9.2266
10.6176
18.6873
17.0698
15.297
13.9581
13.3365
11.6031
10.3297
13.2046
13.7663
10.807
10.313
10.8211
10.1947
9.7036
9.3972
8.9924
15.7894
17.7102
15.9296
14.5184
13.2798
13.1966
10.7224
11.5446
12.8616
11.4468
12.7096
12.1643
12.1067
11.7385
10.7313
9.8705
8.5001
14.9141
17.3334
15.0307
13.9182
13.1847
12.3157
12.1329
10.3602
12.2549
11.7199
9.9884
13.5175
10.7269
10.0201
9.4848
9.379
9.1762
9.2195
18.327
19.5179
17.4024
16.0343
13.6093
11.1408
9.1933
11.9432
17.2326
16.022
12.1176
11.4799
10.9266
10.3565
11.6253
19.2134
17.3271
15.6059
14.4425
12.1541
10.1054
8.4604
8.3013
11.3327
10.4008
13.0507
11.7058
11.3262
12.1688
9.4197
9.5165
9.5191
9.9025
19.6403
17.4627
16.0904
14.7369
13.6083
13.1324
12.2705
13.527
12.5682
13.2818
12.27
12.0062
11.3804
10.6435
11.2964
17.0799
16.779
15.4744
14.5993
13.6283
12.4624
11.9087
11.7772
13.2345
13.4079
14.459
13.487
12.308
11.4615
10.8037
10.4379
21.18
20.1728
17.7299
15.9515
14.9633
12.0084
13.3987
13.7115
12.8156
12.0849
12.0319
11.1473
10.6075
10.7975
10.4174
17.7687
22.6912
17.186
14.5993
13.4227
12.1348
11.4578
11.2557
11.6636
13.8763
12.3373
12.1109
11.6611
10.7565
10.8833
10.3523
10.5527
21.1638
18.4903
16.77
16.2055
14.8361
13.3068
13.3551
14.3509
14.6958
13.6785
13.7677
12.6141
12.2695
14.8376
20.6833
18.8174
17.0265
15.6156
18.3736
22.4822
20.5091
19.31
15.8099
13.5506
9.7631
20.6826
19.7763
15.9376
11.0175
11.7381
11.4235
10.7888
10.1899
13.9245
15.7875
12.8302
12.1527
13.5453
14.2287
13.7279
12.6461
21.3397
18.8736
16.8559
15.2736
14.1395
13.2109
13.3451
13.1299
13.2691
12.1652
11.7164
10.8544
10.5421
10.614
9.8975
10.1942
20.683
19.166
17.413
15.8526
15.087
11.6191
14.7626
12.8681
17.436
12.02
11.9148
11.3313
10.8701
10.6277
10.2209
16.7501
19.6898
17.72
16.1154
15.4062
13.0507
11.204
14.1842
15.1271
14.7328
10.4434
10.0469
9.8834
9.6369
9.7945
9.5042
14.568
21.6508
19.2798
17.2154
15.7574
15.3242
12.9229
13.8395
13.1948
16.0803
14.665
14.2647
12.9639
12.4918
14.6698
20.8538
18.7579
17.0303
15.093
13.7289
13.1885
17.7302
14.3469
14.5909
13.3512
12.4894
11.868
14.1941
22.0758
20.2933
18.3003
16.5694
15.1937
12.6388
14.9014
16.5781
13.2902
12.4031
15.3931
14.6747
13.5864
21.5936
24.5316
21.6203
19.7861
17.2546
14.8266
16.2727
16.5123
15.6459
14.2552
12.3451
10.7969
11.385
22.4003
20.365
19.553
17.8703
16.3056
16.2356
17.2832
16.48
14.9429
13.8546
13.1764
12.2698
11.7944
24.5359
22.8108
20.4004
18.754
16.9501
15.992
14.807
13.9539
15.9175
13.3591
11.9424
11.373
16.4985
17.8413
17.5208
16.3096
17.8007
16.0724
15.1301
14.2099
14.8582
13.7559
14.2209
13.4311
12.6761
15.4113
19.4909
17.7549
16.3942
15.0343
14.0751
13.2136
16.1661
13.009
12.616
12.4596
11.418
11.4733
10.734
12.1466
15.7853
22.1628
20.0378
18.091
16.397
15.7747
14.8454
16.182
15.8012
13.9232
12.5263
11.881
11.3672
10.7086
12.013
22.7328
22.098
18.362
16.41
15.1555
16.0583
15.7576
15.749
13.4486
13.0309
12.946
13.0415
14.3779
22.1834
22.3944
20.2274
18.3426
16.9116
17.2005
19.7901
15.1866
14.7817
13.8716
13.2537
12.5895
12.0397
22.3955
21.1306
18.96
16.2433
14.6505
14.1716
15.0313
15.7322
14.1112
13.7706
12.7568
12.7541
12.3157
20.565
19.8433
18.1279
16.6687
15.4493
15.1051
15.9133
13.9022
13.487
12.5454
11.7999
11.4643
11.2666
13.7042
22.0965
19.8379
17.4466
15.7639
14.5407
14.3583
15.4859
16.5813
14.9621
16.8421
15.0183
14.6454
21.8236
20.5065
18.9103
17.3004
15.9435
15.1705
16.2702
15.03
15.0083
14.1109
14.3319
13.4956
16.3379
21.0664
18.9036
16.6438
15.8127
15.0557
15.6409
16.6639
14.7778
13.8283
13.7566
13.0286
13.1159
18.3649
21.1865
19
17.3217
16.272
15.1546
15.9638
15.42
15.0736
14.2618
13.4035
12.8479
12.7501
12.456
24.2221
21.8568
15.8574
13.3592
13.4909
13.287
18.5796
17.4435
17.0584
15.9632
12.8877
12.0336
11.9475
14.1789
22.3525
20.1108
17.9176
16.5385
15.4741
17.8423
18.4339
17.7999
16.2574
15.2462
14.1615
22.2155
23.3259
20.8377
19.0848
16.2525
14.5992
14.4084
16.4102
15.0949
14.4451
13.5456
12.7321
12.8012
19.9445
21.6898
19.3291
17.8056
16.4601
15.4547
16.447
15.6825
15.4473
15.1105
13.8395
13.7499
23.6802
27.2044
24.8857
22.8628
22.2362
20.9466
17.5154
16.2034
14.6651
17.7747
22.3756
19.145
16.6583
15.7249
14.0819
14.0324
15.997
13.8972
16.2167
12.7717
13.1667
12.5302
15.4763
19.9078
21.4298
17.2568
15.6762
14.2384
14.4275
13.4362
15.1098
14.7186
17.9447
15.2517
14.5715
13.7663
13.6889
21.8288
22.1913
18.6257
18.228
17.3791
21.0334
26.7843
24.0952
20.4242
19.9796
20.9558
21.6573
19.2825
19.1527
20.2
17.5383
16.9184
16.2231
16.1711
15.2626
14.8601
20.5014
20.2475
18.9566
17.948
17.9237
17.1469
19.0467
22.4648
24.5875
25.201
22.8866
20.6626
18.531
16.7584
14.7399
13.8986
14.7048
14.1122
13.495
12.846
12.63
12.234
12.2259
17.5721
22.9721
20.431
18.6079
17.4438
16.3313
18.7204
16.8159
15.914
15.1429
14.4879
14.0948
25.7939
24.0351
21.4307
19.5393
17.91
17.5956
18.2495
16.6556
16.0859
15.205
14.5037
16.5838
26.2224
23.1958
21.0562
18.9992
18.0275
19.5244
17.1611
16.3488
15.7314
15.0447
19.1086
22.6884
20.9492
19.1873
17.3908
16.2224
17.237
16.0258
16.0381
14.7583
13.828
13.5658
13.7631
22.738
26.9205
24.1948
21.5741
17.5453
20.7805
17.2543
15.6255
14.3383
13.5272
12.6022
13.0071
25.5626
23.803
21.6118
19.8824
18.7192
22.9465
21.2058
19.1052
17.5152
17.1375
23.9896
22.1899
20.0767
18.4388
17.3058
16.1849
15.2373
14.4282
13.7005
12.8986
12.2643
13.6044
26.1284
23.1398
17.5692
12.4681
13.6939
13.6194
17.9392
16.6807
16.232
14.9615
14.3578
13.9163
24.1001
22.6744
23.4994
17.5883
15.127
19.1764
17.7425
16.9525
16.1958
17.1793
16.811
24.8104
22.8152
20.9392
19.2009
17.4311
17.6504
17.0585
16.5929
15.389
14.7582
13.9902
14.4685
24.8322
22.4897
20.593
18.7299
16.878
19.0116
18.3056
17.2947
16.5971
15.6254
18.0643
24.749
21.7924
19.7223
18.2167
17.7556
17.4915
17.7754
17.4005
16.5743
15.5159
17.2657
22.1016
20.6531
19.4605
18.3509
17.5292
16.9908
17.0956
16.6457
16.1363
14.8047
14.2355
19.5467
20.1207
18.6357
16.9542
16.0299
15.2448
16.6823
16.2918
17.357
16.9144
15.9472
14.8925
15.1505
24.6888
22.2346
19.9582
15.4721
13.9192
15.0256
15.2631
17.8526
17.5144
15.6087
14.8955
18.0932
20.7416
19.9173
18.7538
19.3894
22.7257
21.5001
19.9211
18.5672
17.3969
17.0703
23.7365
24.3896
22.2458
19.8777
18.7817
17.9869
18.652
17.8079
17.1022
15.8605
22.3898
22.8146
20.5781
19.7903
18.8122
17.4814
17.9908
17.0452
16.6905
15.5251
14.4952
23.1226
23.6396
21.485
19.7948
18.1223
18.2866
17.4378
19.7701
18.04
16.8386
16.0195
20.936
20.0348
18.5137
17.4091
16.3813
15.1795
16.7793
16.4355
16.34
15.5411
14.7766
14.1567
19.5774
25.911
23.3006
20.6169
19.0252
19.1406
16.6496
15.316
15.7666
14.7505
13.7
17.4606
23.6061
20.9606
18.9848
17.6598
16.8441
17.4437
16.8413
