NVIDIA RTX A6000, Driver version: 575.57.8.0
3.02827
2.32081
2.04778
2.00219
1.98344
1.95697
1.98434
2.01291
2.03246
2.10678
2.0834
2.1038
2.1301
2.15957
2.30385
2.23285
2.29303
2.27822
2.3136
2.33325
2.36843
2.42487
2.45288
2.74074
2.55485
2.60052
2.65388
2.68311
2.71943
2.77604
2.94588
2.87664
2.91179
2.95012
3.01407
3.48671
3.11755
3.25692
3.6029
3.55805
3.31501
3.25408
3.29231
3.38108
3.35857
3.44683
3.45473
3.50091
3.53563
3.61979
3.65625
3.68661
3.71251
3.72051
3.74511
3.79205
3.79564
3.83482
3.86226
3.95992
3.97485
3.99158
4.02614
4.11165
3.74079
3.76017
3.84359
3.85121
3.85071
3.86026
3.90534
3.96543
3.94587
3.96179
3.98899
4.01684
4.1017
4.08033
4.09091
4.12755
4.18783
4.2572
4.21897
4.2299
4.29342
4.2754
4.35068
4.36037
4.33969
4.3654
4.38426
4.47213
4.45946
4.45782
4.513
4.5695
4.5807
4.64489
4.59843
4.66668
4.69161
4.69834
4.75042
4.73532
4.80168
4.78607
4.85572
4.8642
4.89223
4.94498
4.93832
4.99492
5.04858
5.07986
5.05729
5.0777
5.11178
5.13868
5.1324
5.38677
5.54656
5.30613
5.3301
5.31279
5.32542
5.35416
5.3929
5.3206
5.38415
5.37562
5.43575
5.45987
5.42451
5.47812
5.53734
5.50364
5.51741
5.60197
5.57953
5.5964
5.65904
5.65395
5.68153
5.74152
5.70735
5.77091
5.80209
5.77196
5.83384
5.89408
5.88451
5.88861
5.94362
5.93902
5.96801
6.03569
6.02294
6.07234
6.05884
6.10819
6.13274
6.1201
6.17975
6.18628
6.18747
6.25863
6.31823
6.2683
6.31241
6.35203
6.33351
6.40268
6.39485
6.48376
6.45742
6.49219
6.51839
6.51016
6.55882
6.59598
6.59333
6.65952
6.68384
8.14856
6.75331
6.7149
6.77529
6.77102
6.89989
6.8234
6.8422
6.90483
6.86052
6.92517
6.94508
6.96279
6.99394
7.03814
7.03836
7.04549
7.09788
7.08168
7.10852
7.20017
7.16252
7.46412
7.2003
7.21732
7.2962
7.27764
7.31101
7.31903
7.36937
7.36115
7.77091
7.58903
7.53264
7.46978
7.53373
7.55009
7.51559
7.58055
7.59645
7.66323
7.66992
7.66364
7.66893
7.75479
7.70778
7.76788
7.76582
7.79882
7.78986
7.81606
7.88664
7.91077
7.92401
7.91216
8.002
7.98587
8.0337
8.02244
8.09684
8.12364
8.12102
8.13255
8.18398
8.1698
8.25193
8.18914
8.26489
8.31859
8.29165
8.33835
8.40945
8.34508
8.44543
8.40298
8.44726
8.40806
8.47022
8.59049
8.75143
8.80417
8.81269
8.83192
8.86246
8.84851
8.92065
8.8568
8.9697
8.99063
8.99257
9.02402
9.01739
9.14211
9.05393
9.11982
9.15301
9.17883
9.16659
9.2478
9.21556
9.23239
9.30327
9.2552
9.55448
9.63526
9.45397
9.38265
9.47494
9.4905
9.46124
9.58468
9.53338
9.5685
9.55709
9.65088
9.71774
9.72473
9.66333
9.69136
9.7247
9.69938
9.6569
9.75984
9.6987
9.79447
9.76421
9.81885
9.88177
9.8551
9.93325
9.88165
9.9306
9.93734
9.97039
10.0142
10.052
10.0527
10.081
10.323
10.1132
10.0974
10.1274
10.1887
10.2241
10.2516
10.262
10.2539
10.3022
10.3034
10.3679
10.3676
10.4122
10.4061
10.4658
10.4105
10.4915
10.4869
10.5293
10.5557
10.5678
10.5975
10.6235
10.6361
10.9255
11.0085
10.8017
10.7958
10.8221
10.7789
10.8667
10.8581
10.8586
10.8901
10.8562
10.9726
11.1465
11.0011
11.0131
11.0504
11.0729
11.1357
11.1557
11.2045
11.1711
11.238
11.2444
11.2661
11.3331
11.2425
11.3179
11.3577
11.3987
11.4633
11.4474
11.4127
11.4977
11.5339
11.6268
11.5507
11.6007
11.6413
11.621
11.6808
11.6864
11.6992
11.7523
11.7673
11.7938
11.7491
11.9337
11.9902
12.0138
12.0409
12.0258
12.0403
12.0426
12.4203
12.39
12.3888
12.774
12.3622
12.3212
12.3395
12.3645
12.3899
12.402
12.4442
12.6363
12.488
12.5074
12.508
12.546
12.5647
12.5459
12.6412
12.5539
12.6425
12.6583
12.7833
12.727
12.827
12.8534
12.8695
12.7737
12.8361
12.8874
12.8881
12.9024
12.8927
12.9727
12.9898
13.0159
13.0386
13.0483
13.0909
13.1205
13.109
13.1321
13.1592
13.2023
13.2451
13.1959
13.275
14.6198
14.2612
13.5
13.3538
13.5013
13.5979
13.5449
13.5444
13.5432
13.6205
13.6185
13.6571
13.6333
13.613
13.6128
13.4991
13.5181
13.5473
13.6615
13.5743
13.5895
13.6553
13.6505
13.6769
13.687
13.7595
13.7281
13.7453
13.7879
13.8026
13.8281
13.8647
13.8477
13.9344
14.001
14.0369
15.1164
14.3818
14.1846
14.5587
14.0906
14.0787
14.1581
14.4875
14.5391
14.7864
14.2921
14.3013
14.3533
14.3016
14.3897
14.4144
15.2935
15.5979
14.4211
14.5235
14.317
14.2578
14.2519
14.3268
14.2652
14.1626
15.9575
14.4962
14.5456
14.7105
14.533
14.5229
14.5581
14.6752
14.6095
14.6744
14.7997
14.735
14.7291
14.7332
14.8126
14.8044
14.7298
14.9034
15.0468
15.1441
15.1836
15.2489
17.8826
16.9345
16.209
28.8684
27.5501
24.43
24.6279
22.3349
15.6616
16.2183
15.2655
15.3501
15.6485
16.3861
15.8413
15.3682
15.613
15.5751
15.6215
16.1809
15.9353
15.6691
15.7157
16.1236
18.0651
16.7705
15.9609
16.0213
16.0888
16.1269
16.0595
16.1387
16.1354
16.2166
16.2097
16.2464
16.1784
16.2401
16.1686
16.1871
16.2665
16.2652
16.3164
16.2426
16.4559
16.4179
16.3301
16.3587
16.4608
17.9702
17.6627
17.1876
16.7492
16.7772
16.8133
16.6717
17.0688
17.9501
17.2142
18.1294
16.5865
16.9449
16.7392
16.6484
16.5561
16.8267
17.469
16.7965
16.8282
16.7478
17.1477
19.4786
17.5315
16.4514
16.7529
18.9587
19.1704
23.9371
17.6267
17.9374
17.1647
17.1278
17.0206
17.0346
17.9169
16.7852
16.9265
16.8865
16.9573
17.1021
18.7882
17.2853
17.6783
17.2518
17.2622
17.1194
17.1293
17.1456
17.0491
16.8819
17.015
17.0279
17.1743
17.1338
17.1843
17.2545
17.3106
17.2921
17.3219
17.3645
17.2504
17.3235
17.3487
17.3011
17.3711
17.3994
17.4255
17.5197
17.6966
17.8944
17.5776
17.4204
17.4918
17.4929
17.5015
17.5216
17.5789
17.561
17.6409
17.6299
17.6606
17.7262
17.7454
17.7915
17.7644
17.7988
18.1085
17.8194
17.8447
17.9111
17.966
17.8548
18.0019
17.9994
17.9935
17.9933
18.0379
18.0485
18.1396
19.9287
18.9506
18.623
18.8143
18.3529
18.3658
18.276
18.2277
18.243
18.305
18.343
18.2986
18.3429
18.5024
18.5898
18.635
18.5966
18.6418
18.6849
18.7141
18.7246
18.7229
18.7176
18.7516
18.7843
18.8224
18.7786
18.8768
18.8881
18.9623
18.9328
18.9419
18.9306
19.0122
19.0562
19.6031
19.3648
19.1881
19.0771
19.1104
19.2018
19.3628
18.9508
19.1839
19.1395
19.2108
19.0911
19.2124
19.2984
19.2907
19.2849
19.3025
19.397
19.4194
22.1851
19.9173
20.3199
20.0782
19.9527
19.7324
19.7548
20.0839
20.1559
19.9405
19.7309
19.8461
20.6379
20.3821
20.1378
19.9346
19.9702
19.9561
20.0184
20.1069
20.0922
20.0924
20.156
20.1477
20.1871
20.1993
20.2655
20.2174
20.2539
20.3354
20.3441
20.3999
20.3867
20.4829
20.4463
20.9901
20.8163
21.2711
20.9303
20.7406
20.7687
21.197
21.4319
21.1676
20.9352
21.0382
20.9224
21.0066
21.0773
21.2939
22.3333
24.676
22.7191
22.3298
21.9261
21.8552
21.8681
21.8738
21.9702
21.9853
22.0386
22.0319
22.0472
22.1123
22.1172
22.218
22.2068
22.2535
22.2909
22.984
22.8306
22.3729
22.5107
22.3758
22.4483
22.4965
22.5304
22.5536
22.6169
22.6808
22.6872
22.7218
22.7014
23.1248
22.7675
22.8429
22.8235
22.8743
22.8776
22.9803
22.9917
23.0191
23.0563
23.0657
23.1098
24.3133
30.5859
24.0987
23.8956
23.5329
22.991
23.1009
23.0717
23.0546
23.1692
23.1561
23.2215
23.1828
23.1935
23.2668
23.3003
23.3193
23.2794
23.3627
23.3191
23.4511
23.4042
23.5443
23.5274
23.6585
23.8514
24.6131
23.6161
23.3386
23.1531
23.3887
23.7778
23.2341
23.3341
23.2595
23.4868
23.4445
23.347
23.4481
23.5035
23.4659
23.422
23.5218
23.5627
24.52
28.0718
25.4906
24.5964
24.4521
24.293
24.2169
24.7955
24.5494
24.169
24.2228
24.1962
24.1948
24.2151
24.3256
24.243
24.2951
24.301
24.3511
24.3713
24.2913
24.2987
24.3985
24.4182
24.462
24.4628
24.5924
24.5016
24.9868
24.5395
24.6567
25.1316
27.7541
24.526
24.2881
24.1852
24.2013
24.2667
24.1937
24.3833
24.3901
24.4215
24.5386
27.4157
24.9303
24.8834
24.5469
24.9665
24.9166
24.5981
24.5705
24.6634
24.6422
24.7525
24.7114
24.9963
25.3502
25.1046
25.9601
25.2199
25.294
25.2843
25.3672
25.4453
25.4044
25.3838
25.4497
25.5043
25.4705
25.9172
25.5796
25.5866
25.6362
25.6311
25.6784
25.6687
25.6802
25.7073
25.7636
26.4059
26.3758
25.8194
25.8433
28.7987
26.6457
29.4702
25.7729
25.4065
25.3169
25.3209
25.3199
25.2653
25.4032
25.3483
25.4116
25.3781
25.3766
25.4444
25.3997
25.4421
25.4822
25.5184
25.9153
26.2427
26.0953
26.154
25.5514
26.0152
25.655
25.6369
25.6545
25.6279
25.7765
25.803
25.76
25.7641
25.8566
25.8539
25.8653
26.038
25.8792
25.9352
25.9014
28.7701
27.3434
27.0644
26.6525
26.1284
26.0378
26.0544
26.0842
26.1095
26.0834
26.1369
26.1586
26.2307
26.2206
26.24
26.2977
26.2295
26.2936
26.2767
26.397
26.3961
26.3691
26.4404
26.7185
27.2361
27.1439
27.0048
26.6823
26.6056
26.7105
26.7002
26.5704
26.794
26.738
27.0043
27.0805
27.0425
27.0974
27.2289
30.0827
28.0392
27.705
27.2375
27.1917
27.1398
27.2223
27.2658
27.7533
27.8155
27.3232
27.3221
27.4278
27.4599
27.4302
27.5629
27.5687
27.4545
27.597
27.6234
27.6143
29.2438
28.2768
28.2167
28.2817
28.2369
28.2987
28.347
28.3521
28.4561
29.6727
28.8408
28.5217
28.5112
28.5549
28.5669
28.7015
31.7515
29.8036
29.2311
28.6379
28.7156
28.6994
28.732
28.8322
28.8747
28.7333
28.7889
28.826
28.832
29.2621
29.4164
28.4642
28.0946
28.2021
28.7498
28.388
28.5262
28.5384
28.5289
28.5392
28.5868
28.4983
28.6226
28.6358
28.5977
28.5526
28.3028
28.4416
28.4482
28.41
29.0592
32.7422
30.4225
30.5489
29.8862
29.3872
29.4723
29.5114
29.5715
29.6091
29.5908
29.6305
29.6231
29.6586
29.6106
29.7499
29.7561
29.7649
29.7463
30.1469
29.9109
30.6526
30.3304
29.8798
29.8597
29.9659
30.008
30.1818
29.9347
30.044
30.0583
30.0964
30.0832
30.0937
30.1251
30.2888
33.3059
31.4182
30.8465
30.2846
31.3218
30.6359
30.5684
30.3883
30.3477
30.4105
30.4157
30.419
30.4362
30.4665
30.444
30.534
30.8434
30.5932
30.6217
30.6474
30.6442
30.6576
30.6985
30.838
31.2081
31.2126
31.0891
30.8063
30.8253
30.8425
30.8295
30.8831
30.9621
33.5815
33.6984
30.9608
30.7473
30.2278
30.3205
30.4258
30.4362
30.4255
30.7379
31.297
31.3381
30.7433
30.7092
30.7107
32.1237
31.4779
31.7819
31.9179
31.7594
31.6681
31.6334
31.9571
31.8466
31.9704
31.7725
35.6547
33.5874
33.8005
32.7967
32.7252
31.6146
32.1394
34.955
34.4524
31.6183
31.1291
31.092
31.1225
31.1391
31.1854
31.2774
31.4923
31.4806
31.4395
31.5868
31.8506
31.5819
32.2078
32.1545
31.7354
31.7045
31.7675
31.8027
31.7739
31.8398
31.8153
31.87
31.8336
31.9292
31.9325
31.9124
31.9404
32.0177
32.0452
34.937
33.2445
33.0317
32.6799
32.1381
32.1844
32.2152
32.2151
32.1495
32.3136
32.2143
32.3057
32.358
34.6383
32.9325
32.966
32.9732
33.0473
33.0104
33.3285
36.5101
33.6634
33.1598
33.1198
33.1389
33.1866
33.1595
33.2514
33.2114
33.2151
33.2291
36.0779
34.0098
33.2019
32.8723
32.4919
32.5464
32.5786
33.3983
33.4849
32.5288
32.6593
32.6565
32.9633
32.6579
32.5955
32.7629
32.8657
32.9189
32.9944
32.9396
32.9568
32.9844
33.022
33.1049
33.0377
33.8271
33.7025
33.1225
33.1516
33.1253
33.1519
33.3645
37.7061
34.075
33.2795
33.2722
33.3555
33.5126
33.9955
33.7102
33.4295
33.4466
33.77
34.3203
33.9552
33.4937
33.4639
33.5479
33.5485
33.7421
33.5994
33.6856
33.607
33.6769
33.6525
33.7221
33.7275
33.7084
33.7659
33.6648
33.7572
34.8038
37.3208
35.8909
34.8956
34.3405
34.5721
34.5399
34.549
34.5663
34.6652
35.0118
34.6888
34.7992
34.659
34.744
35.1196
34.7159
35.6997
36.3487
35.3046
35.2939
35.1591
35.2121
35.2042
35.1547
35.2679
35.222
35.2614
35.2939
35.2947
38.1655
36.2215
35.4976
34.85
35.7489
35.6332
35.0942
35.0451
35.7142
36.427
35.5993
35.146
35.1738
35.237
35.2745
35.7108
35.2332
36.1036
36.4014
36.4414
46.4668
53.7125
50.5086
39.6665
44.2836
36.6797
36.0766
36.2932
42.9658
40.4412
37.2393
37.2312
37.6729
38.5177
37.2502
36.8766
36.5376
36.6174
36.946
36.575
36.6269
36.5091
36.4072
37.0269
36.9377
36.9119
39.7843
36.0718
37.3067
37.5749
36.6301
35.9762
38.9822
36.5343
38.7635
40.7572
37.2984
38.9103
36.1884
36.8649
37.2158
36.4111
36.9043
37.3828
36.7336
36.4155
36.9035
36.9081
37.3227
37.7457
38.0716
37.2449
36.2025
36.2027
38.9996
48.4702
40.2281
38.2195
37.8043
37.2814
37.2393
37.3134
37.4973
40.4651
36.9161
36.4335
36.3752
36.6594
37.1844
37.1594
37.7017
36.97
36.968
37.0112
37.0679
37.0378
37.175
37.043
37.2301
38.7453
37.9745
37.9083
38.0273
38.0269
37.9536
38.3612
38.7543
37.0748
36.987
37.1007
41.37
40.077
37.2045
37.0887
37.2946
37.1463
37.1639
37.1675
37.2033
38.4305
38.4392
38.7454
39.0539
38.7321
38.5616
38.4923
38.5372
38.5657
38.5916
38.6185
38.6461
38.6758
38.6348
38.7373
38.6889
38.7389
38.8928
43.0172
39.9489
38.3156
38.2605
37.8472
37.8008
37.9037
37.8181
37.9783
37.9321
37.9097
40.4406
38.0307
38.2737
38.3704
38.6722
39.2862
38.4907
38.355
38.333
38.344
38.4642
38.4052
38.3646
38.7396
38.6924
38.9717
42.3619
39.339
39.6203
41.0771
41.4171
40.1483
41.5775
39.6816
39.6974
39.6833
39.7341
39.8042
39.8161
39.7499
39.9003
39.8697
39.7638
39.9221
39.9281
42.0692
40.4222
39.9923
40.0212
40.0674
40.0634
42.9027
41.7827
41.8534
39.1661
39.12
39.0246
39.0987
39.4434
39.9946
40.7149
40.3518
39.4247
39.7034
39.7212
39.7425
39.8181
39.7892
39.774
39.8784
39.885
39.8339
39.8024
39.8811
40.5468
40.9793
39.9828
42.8489
41.9527
40.1857
39.6834
39.6566
39.6728
40.7593
41.0207
41.1252
41.0172
41.0881
41.1102
41.6474
42.0756
41.7858
41.3399
41.3923
41.4629
41.4244
41.5028
41.454
41.5523
41.5266
41.5676
41.5859
44.9663
44.0901
43.6531
42.1765
41.7382
41.7921
41.8326
42.0218
42.1117
42.0584
41.9203
41.9383
42.0232
41.9928
41.9855
42.034
43.2472
42.8712
42.2596
42.2441
42.1834
42.3094
42.2707
42.2204
42.4263
47.1785
42.2141
41.2156
41.2825
41.2963
42.6348
41.8984
41.3771
41.3882
41.3688
41.9039
41.9226
41.8932
41.8839
41.9769
41.9688
42.063
41.9424
42.0936
42.6708
44.7337
41.9755
41.691
42.4994
45.5103
43.5929
42.5345
42.0703
42.098
42.1277
42.1649
42.2533
42.2231
42.7037
43.321
42.6402
42.3102
42.3251
42.3543
42.3635
42.4328
42.3607
42.4137
42.4231
42.4992
42.4891
42.5546
44.6537
46.7925
44.4659
43.1282
42.2852
42.2707
42.3373
42.3807
42.3487
42.3747
42.4542
42.8686
42.8177
42.8954
43.7808
43.6971
42.9221
42.8869
42.959
42.9075
42.9728
43.0435
43.0647
46.3203
43.3273
45.9379
44.6749
43.6782
44.196
43.9309
43.4282
43.3526
43.3585
43.3931
43.4704
43.3868
43.4785
47.5129
43.4793
43.3058
43.5393
43.5234
44.6727
44.0143
43.3793
43.2787
43.652
43.3237
43.6665
48.261
45.2372
44.2531
43.9658
44.0212
44.0624
45.9565
48.2199
43.8682
43.7064
43.7384
43.7511
43.8091
43.7488
43.8626
43.957
43.8032
43.9366
43.8385
44.3146
46.1091
44.8191
44.4227
52.3101
47.5888
46.1139
45.7252
45.6243
45.664
45.7469
45.7089
45.8233
45.7217
47.3739
46.4532
45.987
46.0206
46.1949
45.9679
45.9606
45.9645
46.3016
46.0861
46.6571
46.0103
49.2417
49.4539
47.5736
46.3119
46.4382
46.4711
46.5971
46.5792
46.5605
46.5494
46.6308
46.6197
46.6652
46.6831
47.8929
47.158
46.849
46.7983
47.2716
46.8364
46.9432
47.0979
49.6355
48.4381
47.9109
46.6335
46.9754
47.5976
46.8855
46.7301
46.6648
46.8025
47.6162
47.7985
54.5919
48.254
47.5039
47.1023
49.085
50.6304
48.3728
47.9576
47.4928
47.668
52.6285
49.4079
47.6555
47.063
47.0776
47.0382
47.5451
48.1126
47.4816
47.2706
47.2716
47.3526
47.2868
47.3981
47.2983
47.3948
47.8363
47.4529
47.3235
49.3147
48.4886
47.7352
51.5605
49.7504
48.0378
47.6375
47.6702
47.6586
47.9365
47.8166
47.7469
48.3199
49.0941
48.4188
47.9669
48.0223
48.0774
48.517
48.2469
48.3975
48.233
48.3655
48.2998
63.4849
52.005
48.8618
48.2402
48.3821
48.4162
48.4582
48.3399
48.5559
48.4725
48.4952
48.4555
48.8179
49.6009
49.2508
48.6388
48.5517
48.713
51.8262
51.292
49.532
52.7893
50.856
48.1565
47.8682
49.9466
51.1697
48.7002
50.2356
50.0016
48.1804
47.8543
47.9223
47.797
48.2808
47.8751
47.9409
49.9936
48.8416
48.5949
48.4777
48.5509
54.4006
51.2326
49.0523
48.3858
48.2544
48.3065
48.3572
49.0004
49.4871
48.7888
48.6748
48.6874
48.6709
49.1306
48.6708
48.7508
48.6966
48.8097
48.786
48.8319
50.3758
54.1949
52.0597
49.3698
49.0159
49.0451
49.0646
48.9516
49.0574
49.639
49.018
51.3257
51.2526
57.5865
67.0116
53.44
64.4456
51.6871
50.6634
50.5244
50.8078
54.5019
52.598
49.5248
50.7727
49.96
49.5942
49.4092
49.5652
49.4725
49.6267
49.4826
49.9461
49.6792
50.127
50.2257
50.9626
51.5969
54.4578
59.2515
52.9203
56.9077
51.341
50.2677
50.0613
50.1001
50.157
50.2724
50.2862
52.3164
51.835
50.6993
55.3873
52.0307
50.2356
50.2238
50.2771
50.3143
50.7656
52.8724
51.5158
59.364
53.5589
51.4195
50.9163
50.6521
50.6217
50.7505
51.5816
55.0329
52.9867
62.1879
68.2316
56.6293
65.228
57.2678
53.0281
52.5819
52.3832
52.4651
52.6538
54.0308
53.0225
53.3351
53.9767
52.9853
52.6544
52.6537
52.7901
53.2937
52.9639
52.9469
53.5782
53.6677
52.0265
51.9209
51.899
51.8279
51.8802
51.8817
52.0036
51.9136
52.0704
52.138
53.9556
52.749
52.1437
52.189
52.6513
52.2466
52.2352
52.3834
52.5126
52.605
52.5029
52.9152
54.2045
52.7934
52.6649
52.6712
52.6441
52.65
52.6804
52.8088
52.6823
52.7993
52.8934
55.0993
53.3143
54.5991
54.2695
54.3486
54.5805
54.3801
54.4766
54.5323
54.6068
54.5879
57.534
53.6982
53.2897
53.3588
53.2794
53.2654
53.2826
53.288
53.7704
53.4238
53.3435
56.863
54.3833
54.2986
54.1152
54.1347
53.6521
53.6071
53.6182
53.5166
53.7182
53.5842
60.4757
55.8325
53.8743
53.896
54.0257
53.8207
53.7683
53.7217
53.724
53.7197
53.7585
55.6357
54.2608
54.0843
53.927
54.0173
53.953
54.0907
54.083
54.0643
54.2114
54.2985
56.2217
55.8382
55.1292
55.3755
55.1497
55.0641
55.0294
55.2955
55.2336
55.457
55.1059
57.2038
55.7528
55.5297
55.7685
55.2912
54.9706
54.9713
55.133
55.3833
55.3227
55.1247
57.3434
55.401
55.2946
55.7471
55.7064
55.7199
55.8008
55.8681
55.805
55.7827
56.3013
57.1215
56.0189
55.9735
56.0656
56.6651
55.8986
55.7738
55.7294
55.935
55.8878
58.3082
59.5938
56.3675
56.4636
56.1245
56.1694
56.1786
56.3329
56.2508
56.2982
56.3614
58.2161
57.0734
56.7028
56.5263
56.479
57.3357
57.3232
57.4049
57.4868
57.5516
59.2763
57.5433
56.9403
56.9307
57.079
56.8912
57.1022
57.2306
57.724
57.4368
57.2696
59.6357
57.6152
57.2834
57.4541
57.5583
57.4818
57.5856
57.54
57.6595
59.8829
60.3716
58.3512
57.7506
57.8909
57.8907
58.4139
57.818
57.9448
57.9254
57.8614
58.9584
59.8052
58.3084
58.0389
58.1305
58.1111
58.2249
58.2413
58.3043
58.3138
58.3973
61.0771
59.25
58.6912
58.5074
58.885
58.6201
58.691
58.6159
58.7053
58.7953
61.4711
59.1804
58.9506
58.9508
58.9998
59.0221
58.941
59.1618
59.7147
59.2807
62.1055
59.7946
59.567
59.4872
59.5773
59.593
59.7073
59.685
59.7632
59.9075
62.4318
60.4773
60.3518
60.1249
60.5392
60.1996
60.3779
60.2419
60.025
60.3787
62.8656
60.6722
60.4732
60.5773
60.4811
60.784
60.7347
60.8393
60.9841
60.8296
63.5884
62.1444
61.1492
61.2493
61.1294
61.1219
61.1608
61.2124
61.1129
62.1196
63.4301
61.8155
61.6507
61.8898
61.6506
61.3755
61.4868
61.87
61.5273
64.2241
62.2367
61.6151
61.6212
61.5661
61.641
61.8059
61.7607
61.7337
61.9265
64.7283
62.1971
61.6606
62.0035
62.5257
62.0381
62.119
62.4471
62.1409
63.3031
64.2472
62.613
62.3589
62.2295
62.3686
62.5724
62.6698
62.459
62.5348
65.6029
63.2323
62.807
62.731
63.1974
62.7857
62.8995
62.9301
62.902
64.0712
64.8361
63.3882
63.3212
63.2396
63.2661
63.3212
63.3134
63.9945
63.3128
66.4523
65.6089
63.9308
63.6732
63.665
63.7262
63.5783
63.8193
63.7558
67.2177
64.1179
63.8847
64.0375
63.9567
64.5001
64.1878
64.1972
64.2692
64.8983
66.4615
64.709
64.5353
64.4648
68.6843
65.9212
64.9045
64.5711
64.554
67.499
65.544
65.0618
65.1016
64.7541
64.9027
64.7857
64.6365
64.7133
68.1032
65.1587
64.9928
65.1392
64.9188
65.0459
65.1776
65.2475
65.7492
68.3562
66.5766
65.7891
65.9997
65.8575
65.7778
65.9547
66.0396
66.1288
69.3252
66.7237
66.3579
66.3606
66.5475
66.6453
66.4343
66.7575
66.7825
69.9439
67.3322
66.7264
66.8136
66.9164
66.8941
67.1057
67.0879
67.1488
70.5454
67.6732
67.7173
67.5501
67.6427
67.5213
67.8347
67.7816
68.1176
71.5993
68.3166
68.1206
68.3124
67.9357
68.314
68.48
68.7606
69.3005
69.1617
68.1323
64.5783
64.4382
64.4621
64.6786
64.6692
64.6339
64.6613
67.78
65.0737
64.9893
66.5365
68.9967
67.5954
65.0134
64.952
65.1034
67.9866
65.5052
65.1046
65.1851
65.1745
65.1413
65.3539
65.2772
65.2409
68.5636
65.9476
65.8695
65.6093
65.3869
65.5277
65.4447
67.6589
65.6714
68.9426
66.1122
65.5494
65.767
65.6202
65.7008
65.7015
65.7087
66.185
68.7825
66.3446
65.8045
66.1464
66.0069
66.1451
66.2293
66.3304
66.2164
69.506
67.4146
67.4885
66.7885
66.8927
66.9526
66.7439
66.8878
66.9457
70.148
67.3402
66.9965
67.1575
67.0582
67.1189
67.2778
67.2237
67.2067
70.5867
67.716
67.7778
67.6389
67.2869
67.3637
67.6102
67.4617
67.5191
71.0899
70.5517
68.3977
67.7308
67.6156
67.6389
67.5541
67.721
69.3897
70.432
68.1302
67.8967
67.9776
68.0156
68.251
68.3221
68.2527
72.0682
69.1547
68.5886
68.7714
68.7484
69.0362
68.7357
68.8641
68.8709
72.7078
69.4831
69.0212
69.2138
69.2431
69.0766
69.271
69.0699
70.4535
72.121
69.6353
69.8895
69.3076
69.4165
69.4516
69.4746
69.5985
73.1824
70.3593
69.8492
70.1204
69.9053
69.9082
70.1784
70.0265
71.3239
72.9
70.7641
70.3502
70.3217
70.4288
70.499
70.5665
70.3965
74.334
72.1984
70.5657
70.7685
70.98
71.6099
70.7765
70.9995
72.485
73.8249
71.6117
71.4514
71.4815
71.6484
72.0134
71.8952
71.8308
76.4782
72.5171
73.3823
73.1102
72.525
72.6568
72.8163
72.6869
77.0293
73.5841
73.1232
73.2976
73.0695
73.1491
73.1495
73.5162
77.9945
74.2231
73.5678
73.5575
73.6507
73.7881
73.8055
74.282
77.6195
74.7412
73.9172
74.0868
74.0513
74.4514
74.4598
74.1566
76.7326
76.57
74.6023
74.5619
74.1543
74.3693
74.4946
74.1845
78.4771
74.971
74.3174
74.8508
74.5131
74.412
74.5951
74.3065
78.203
76.086
74.5807
74.894
74.6259
74.6434
74.6875
74.517
79.4145
75.5036
74.6965
74.7424
74.7136
74.7933
74.9231
80.464
80.3134
75.6155
78.6738
77.8302
76.3054
75.4818
75.2797
81.5292
88.54
83.847
83.8834
83.814
79.9719
83.9581
83.9603
84.5228
84.5091
84.4155
85.4716
84.2729
84.6119
84.2588
83.3443
77.2847
76.2511
76.3571
76.1209
76.5022
76.4964
76.4814
82.0908
76.8873
76.7181
76.6913
76.6109
79.8402
77.5303
81.5381
80.3319
86.806
86.5929
86.3143
86.5061
81.4397
78.5521
80.9113
78.3948
77.5749
77.5299
78.1967
78.0184
77.8002
82.3403
78.9202
80.4219
78.7557
77.9305
78.1206
78.3683
78.2546
82.8827
78.5436
86.186
87.833
87.6691
78.742
78.3578
83.5441
79.9123
78.6541
78.5941
78.9643
78.8805
78.6264
79.6796
82.8783
79.9867
79.3141
80.4228
79.3161
80.0409
79.4446
90.9861
80.4366
79.9359
79.9966
79.9798
80.211
79.9129
85.8854
83.715
80.4786
80.4397
80.6941
80.3926
80.2818
80.7268
85.8016
81.0029
81.4633
80.7282
80.8156
81.1176
80.9781
86.1564
82.4522
81.5722
81.4628
81.4096
81.9121
81.6934
84.2729
84.9235
82.8752
82.3213
82.5927
82.6049
83.3797
83.6394
88.4648
83.1185
83.2189
88.2054
86.1206
83.7789
84.6673
87.3875
84.6523
84.694
85.058
84.1014
84.3136
84.312
89.6892
84.8774
84.9428
84.6522
84.8902
84.8887
84.9142
90.5289
85.6923
85.2158
85.1529
85.1536
102.194
92.4667
90.8542
87.9443
87.7055
88.0756
87.93
88.3283
90.6882
90.3082
88.5946
87.6249
87.7704
88.0874
87.5108
92.5044
88.4204
88.2117
88.8922
88.3085
88.0441
88.1135
93.0176
88.7485
88.9313
88.8129
89.0148
88.981
91.7431
93.257
89.4288
89.3732
89.3884
89.5656
89.4832
95.3729
90.5385
90.4095
90.0409
90.2022
90.6299
91.4605
93.911
90.4279
89.9907
89.8449
90.0075
89.7078
93.4229
94.4668
90.8554
91.0877
90.5567
90.7274
90.4549
95.9328
90.9571
91.1513
91.346
91.5656
91.6336
102.437
92.7273
90.2778
90.3679
90.2499
90.6909
90.8842
96.9366
91.4378
91.3947
92.5122
94.0971
94.0216
98.7995
92.4652
91.8688
92.2033
92.5837
92.3828
93.5599
96.8289
93.2308
93.1329
93.5184
93.2076
93.2532
99.0322
98.8631
94.6139
93.9333
94.3127
94.6705
97.7257
98.547
95.3436
95.2097
95.2603
95.0837
96.5853
99.4234
95.4303
95.3409
95.6127
95.6826
96.0754
101.857
95.9633
95.8088
95.9041
95.8491
95.7764
102.004
96.4407
96.3827
96.8917
96.2115
96.2699
102.365
96.6852
96.6662
96.5926
96.5865
96.6932
102.144
97.6603
96.5552
96.5565
96.9759
96.4447
99.7387
99.9224
97.5605
96.7391
97.8463
97.153
98.6287
100.588
97.8135
97.1712
97.0277
97.5808
98.5701
101.238
97.8352
98.2839
97.6095
96.9106
96.6636
105.531
98.6306
98.614
98.5684
98.7218
98.8916
106.406
100.351
99.2926
99.1518
99.3993
99.4507
105.218
100.993
100.358
99.3809
99.3117
101.422
105.515
100.918
100.431
100.552
100.766
102.277
104.46
101.262
100.863
101.683
101.144
103.897
105.235
103.272
102.33
101.84
101.85
105.572
106.153
104.12
102.675
102.472
109.208
110.84
102.823
103.21
103.457
103.46
106.494
112.525
104.27
103.91
104.092
104.119
107.198
107.063
104.728
103.833
104.713
104.171
111.7
105.195
105.218
104.713
104.914
105.34
110.277
113.318
105.604
105.595
105.2
113.24
105.88
105.02
105.251
105.577
105.521
112.876
106.055
105.685
105.397
105.763
108.365
111.266
106.24
105.563
106.209
105.529
113.163
106.149
105.683
105.379
105.508
106.607
111.158
106.341
105.934
106.096
105.677
112.308
107.657
106.187
106.418
106.225
105.428
108.883
108.011
109.692
106.902
105.438
108.22
112.18
107.983
106.49
107.305
106.576
113.698
107.343
106.323
105.957
106.035
107.021
115.987
106.762
105.555
106.818
106.316
121.242
107.19
106.207
106.098
106.167
108.254
111.373
107.54
115.498
107.923
106.668
115.4
109.083
112.086
109.015
109.42
110.324
114.668
110.751
109.572
109.15
109.07
112.717
115.174
109.749
109.134
109.053
116.055
109.657
109.12
109.461
109.701
110.125
115.602
110.213
110
110.512
109.955
117.37
110.646
111.076
110.921
111.442
116.872
112.923
111.542
111.428
111.681
111.715
119.045
112.503
112.537
111.977
112.347
119.632
112.702
112.418
112.494
112.524
120.367
113.404
121.686
113.386
113.438
115.794
117.426
113.485
112.996
117.242
118.961
120.479
114.989
114.004
114.136
113.731
121.913
114.698
115.013
114.666
114.753
123.591
126.567
115.856
115.294
115.002
128.537
117.588
117.468
117.997
117.808
121.708
122.485
119.706
118.016
118.727
123.245
128.978
118.117
118.019
117.32
124.863
125.002
120.836
119.136
118.933
124.051
123.694
120.111
119.995
119.819
137.207
121.167
120.008
120.564
125.399
130.707
121.739
121.587
122.055
124.027
126.405
114.811
112.697
120.347
123.678
128.385
124.338
122.066
121.494
127.274
128.22
124.474
122.963
123.458
125.807
130.19
124.217
124.205
123.834
127.502
129.546
126.101
125.053
127.361
130.608
125.984
125.436
126.369
129.952
130.568
128.112
126.458
126.298
129.478
130.469
126.754
126.265
127.553
125.505
117.212
118.667
127.063
129.555
137.791
139.509
127.814
128.767
134.858
127.562
127.396
127.051
127.544
127.456
117.457
122.672
123.479
128.276
125.381
117.524
124.285
127.87
130.985
130.328
129.863
130.353
129.971
133.302
136.236
130.955
130.696
133.698
133.814
131.635
130.824
131.264
136.133
135.247
132.527
131.103
129.183
134.788
132.028
131.18
123.048
128.775
134.257
130.25
132.621
133.452
138.807
132.399
129.077
121.667
136.224
137.35
133.636
132.865
144.78
135.004
133.292
132.978
132.679
141.976
124.118
123.905
134.317
135.082
140.652
135.245
132.835
123.151
126.858
138.476
143.882
124.402
135.41
132.624
126.491
135.213
135.781
139.934
143.028
141.495
136.132
137.085
140.135
135.576
135.209
136.114
140.008
145.24
136.157
125.749
129.485
136.154
133.113
123.667
123.677
140.59
132.117
136.096
135.644
141.639
128.01
127.564
138.551
136.916
156.432
138.697
133.122
125.945
143.169
133.455
126.071
126.457
126.777
135.991
135.556
133.405
139.449
148.437
140.046
132.772
140.012
149.377
144.702
141.086
140.621
142.321
147.593
139.042
129.078
131.759
143.96
143.608
141.954
156.371
160.954
144.385
143.11
137.638
137.58
145.794
129.425
129.771
131.743
136.416
129.999
129.565
137.692
149.64
138.283
138.381
132.418
134.939
137.141
143.665
132.846
132.396
142.441
133.411
132.76
132.759
136.284
150.54
133.361
132.498
135.03
141.261
134.105
133.159
133.709
136.271
139.325
133.867
133.775
136.17
140.379
135.07
134.112
134.3
138.455
139.513
134.551
134.148
147.657
137.332
135.344
135.181
138.107
141.339
136.817
135.623
135.929
151.472
134.674
135.614
135.596
146.197
139.314
137.107
136.948
139.755
143.6
137.38
136.202
136.097
153.473
136.909
136.339
136.847
146.164
137.079
136.65
137.225
141.212
144.442
138.009
137.112
138.542
144.616
139.31
148.009
138.993
147.324
140.515
139.139
139.436
147.923
142.034
149.606
140.268
144.168
146.66
140.209
140.246
154.808
147.649
141.12
140.57
143.033
149.611
142.856
141.449
141.567
157.346
143.014
141.592
141.903
150.225
144.446
141.333
141.743
147.676
146.309
141.325
141.928
145.915
148.854
141.935
142.334
147.373
150.793
144.566
143.401
144.936
150.963
143.789
143.189
145.521
152.535
144.635
144.293
146.884
151.996
144.695
144.607
146.33
158.906
144.66
143.974
144.7
153.803
158.225
146.567
146.96
154.201
147.748
146.132
146.053
155.706
147.027
146.541
147.05
159.407
147.336
147.001
147.887
151.202
153.879
157.918
147.568
155.43
147.282
164.722
149.447
156.342
148.124
145.941
148.041
154.777
147.305
146.256
148.174
154.672
148.248
146.778
149.779
155.142
148.493
146.613
148.481
155.89
147.954
148.27
149.323
156.266
149.478
147.828
150.06
156.316
150.019
148.726
150.65
157.046
149.548
149.253
152.721
158.621
149.464
149.809
152.733
156.646
150.158
150.484
153.325
158.979
150.482
150.303
154.123
158.996
151.003
150.525
163.366
159.21
151.757
151.372
178.195
154.504
152.966
153.122
162.344
151.601
152.512
155.685
160.769
154.726
160.844
156.586
168.584
157.786
151.845
158.391
152.784
146.601
150.785
154.848
152.128
152.007
152.46
158.878
151.788
152.555
153.305
160.305
152.576
152.807
152.816
160.044
154.404
152.785
153.196
159.402
153.166
152.536
154.343
160.208
154.746
154.157
155.592
160.192
154.059
154.794
158.045
162.065
173.189
155.92
160.358
163.868
155.355
157.261
164.69
157.478
155.94
159.333
164.348
157.26
157.533
162.315
163.894
157.413
157.753
167.361
159.768
157.353
159.189
167.009
159.545
157.762
161.761
166.164
159.806
176.55
171.352
159.603
158.297
160.915
169.361
158.807
159.055
163.336
167.907
172.998
162.14
166.247
169.143
160.924
163.425
169.948
161.913
162.361
165.554
169.787
162.498
162.189
171.687
164.766
162.79
165.078
169.443
162.446
161.959
166.804
169.428
164.335
162.696
175.035
164.135
163.707
168.77
169.978
163.305
162.649
174.798
164.183
162.75
165.846
173.467
165.358
164.858
167.515
173.96
166.097
170.95
184.433
165.948
165.646
176.642
169.083
165.485
166.877
181.793
176.279
184.227
181.476
168.756
166.805
169.484
174.967
167.797
166.711
177.762
167.728
167.618
173
185.145
171.137
170.041
174.717
177.367
170.943
173.425
180.229
172.2
169.812
174.648
176.761
171.671
172.745
174.489
178.696
171.246
176.494
178.073
171.858
174.136
185.852
171.566
174.013
182.463
173.008
172.683
177.696
181.076
173.788
176.144
204.821
173.292
174.032
182.849
173.592
172.888
176.86
180.976
173.667
176.462
191.553
177.824
175.347
192.425
174.133
192.242
189.135
182.107
176.12
179.725
181.029
175.27
176.895
182.213
176.068
175.07
180.038
182.383
175.12
183.48
176.681
175.644
176.094
185.879
174.918
174.003
177.785
185.259
177.874
180.431
182.6
177.58
175.354
187.126
178.679
175.811
186.072
175.774
176.082
180.62
184.789
176.949
188.027
185.437
178.415
176.653
187.492
177.308
177.102
181.655
186.183
177.995
178.026
186.786
178.935
178.921
189.377
178.788
178.461
200.102
178.619
177.428
202.93
194.385
180.278
181.955
199.918
182.452
180.573
189.327
182.159
181.44
190.767
180.342
180.057
184.394
189.519
180.146
181.581
198.701
244.61
242.956
259.393
221.112
205.738
208.216
208.948
202.992
205.564
206.739
228.948
332.299
220.618
209.935
341.749
209.016
314.231
311.355
637.114
435.632
364.954
361.567
376.357
417.979
422.459
603.76
476.063
357.642
395.581
517.096
303.782
277.378
273.96
291.818
257.755
288.057
303.973
447.87
484.487
444.361
492.171
401.67
433.766
379.644
389.378
301.837
354.332
386.037
422.476
384.677
361.514
273.888
381.519
311.735
331.222
339.792
298.81
271.23
302.526
373.892
383.687
349.911
366.926
336.082
335.387
355.73
365.116
318.974
339.757
381.658
387.63
316.219
318.397
334.228
299.924
345.776
287.362
341.848
271.52
303.154
257.887
370.952
342.948
348.273
305.425
339.503
362.726
392.937
385.47
326.096
369.194
240.681
264.763
335.131
305.644
279.857
444.937
423.762
383.928
363.851
354.296
394.233
394.345
363.121
390.498
419.349
398.776
381.523
352.403
345.498
287.962
245.205
255.3
360.89
394.292
272.724
377.843
359.297
324.633
356.247
344.431
301.359
252.383
340.422
581.294
505.082
374.132
398.57
297.584
353.343
250.585
303.596
336.752
307.53
393.497
294.727
317.45
336.329
313.17
416.964
300.967
280.003
426.588
419.846
343.872
339.443
366.87
357.51
356.463
342.372
360.869
303.227
273.853
267.242
361.017
429.238
275.989
333.331
252.098
256.013
256.599
272.972
310.08
260.856
396.964
300.998
311.469
261.781
353.478
273.867
315.574
282.092
345.066
378.323
363.165
351.271
327.56
329.168
329.336
357.75
337.827
326.603
318.877
320.396
358.682
282.459
299.48
394.026
375.862
354.969
356.327
300.363
361.395
406.94
404.144
257.925
290.891
335.629
324.672
329.854
371.437
312.211
303.22
393.826
388.321
419.571
379.456
412.632
409.524
410.952
396.795
432.308
314.05
290.493
300.36
378.214
358.153
354.369
340.574
414.637
578.776
377.192
313.353
386.051
414.17
355.353
309.25
284.242
364.05
286.933
264.913
284.962
398.912
423.968
386.488
347.743
308.535
353.706
344.133
371.96
353.356
388.192
381.717
278.204
345.369
402.627
430.449
382.544
439.306
393.317
388.737
442.241
427.5
419.926
430.479
369.643
297.718
