NVIDIA RTX A6000, Driver version: 550.163.1.0
2.55836
1.6738
1.67921
1.67687
1.66929
1.86122
1.75722
1.72299
1.67391
1.67868
1.67589
1.69196
1.67963
1.67907
1.95073
1.93193
1.68099
1.67491
1.75989
1.67057
1.67497
1.67351
1.75434
1.67596
1.87467
1.76762
1.67776
1.67321
1.67524
1.6789
1.74959
1.68019
1.68119
1.90086
1.87032
1.67703
1.68052
1.6804
1.74974
1.67791
1.67611
1.6731
1.68001
1.84841
1.67785
1.67407
1.77491
1.68138
1.67239
1.68063
1.67871
1.69365
1.67647
1.76097
1.82025
1.6724
1.67699
1.67778
1.67045
1.67849
1.67717
1.67101
1.76703
1.68622
1.32478
1.31557
1.31989
1.31401
1.31482
1.32229
1.31869
1.31443
1.32299
1.31824
1.39619
1.32087
1.31829
1.31441
1.32016
1.31636
1.31792
1.32075
1.31641
1.3164
1.3239
1.31702
1.31562
1.40636
1.31698
1.31621
1.31896
1.31587
1.31408
1.32162
1.31665
1.3146
1.32229
1.31713
1.31433
1.40429
1.31675
1.31503
1.31567
1.31822
1.31593
1.31804
1.32473
1.31812
1.31527
1.32275
1.31656
1.31575
1.41192
1.31871
1.31657
1.32309
1.32072
1.33013
1.32916
1.31794
1.31997
1.32791
1.32188
1.32143
1.41218
1.32333
1.32344
1.33165
1.32252
1.31651
1.3273
1.31918
1.3194
1.32361
1.32158
1.31643
1.32589
1.40259
1.31699
1.32415
1.31862
1.31949
1.32809
1.31779
1.31836
1.32545
1.31994
1.3205
1.32561
1.40192
1.32047
1.32505
1.32058
1.31804
1.32566
1.322
1.31705
1.32602
1.32069
1.31823
1.32859
1.32023
1.39376
1.32613
1.31899
1.31746
1.32615
1.3197
1.32139
1.32478
1.32317
1.3222
1.3246
1.31354
1.40152
1.32286
1.32044
1.3226
1.32424
1.32047
1.32067
1.32205
1.32848
1.32136
1.3218
1.3307
1.40623
1.3312
1.32549
1.32495
1.32784
1.32471
1.33455
1.32358
1.32749
1.32225
1.32529
1.32738
1.32341
1.40684
1.32416
1.32338
1.32759
1.31746
1.32551
1.32268
1.32984
1.32162
1.32319
1.32904
1.32226
1.40734
1.32638
1.32316
1.32253
1.32902
1.32189
1.32094
1.3274
1.32439
1.32432
1.32886
1.3238
1.32314
1.41447
1.32483
1.32456
1.3303
1.32265
1.323
1.33016
1.32464
1.32656
1.32946
1.32239
1.32751
1.4155
1.32218
1.32535
1.32122
1.32691
1.32803
1.33034
1.32459
1.32877
1.33331
1.32654
1.32495
1.41565
1.3301
1.33216
1.33078
2.11758
1.32985
1.33457
1.33195
1.33214
1.33073
1.32304
1.32403
1.4162
1.32491
1.32339
1.3271
1.32525
1.32314
1.34156
1.32511
1.32495
1.32873
1.32577
1.32114
1.38269
1.32989
1.32452
1.32974
1.3274
1.32397
1.32993
1.32723
1.32596
1.32495
1.32495
1.32268
1.32979
1.40802
1.32415
1.32748
1.32698
1.32286
1.32957
1.3303
1.32576
1.33083
1.32808
1.32323
1.33067
1.40887
1.32433
1.32905
1.32437
1.32457
1.38698
1.32533
1.32867
1.33226
1.32838
1.32599
1.33541
1.33051
1.41302
1.33154
1.33015
1.32796
1.33537
1.332
1.33224
1.33653
1.33195
1.32908
1.33996
1.33112
1.41417
1.33001
1.33102
1.33441
1.32994
1.32953
1.33658
1.33015
1.33168
1.33727
1.32888
1.33038
1.41751
1.32817
1.33565
1.33651
1.33147
1.33273
1.33574
1.34081
1.50828
1.34023
1.33218
1.33172
1.38894
1.33408
1.33676
1.342
1.3322
1.33422
1.33482
1.33197
1.33441
1.3306
1.33135
1.335
1.3325
1.41298
1.33919
1.33452
1.33231
1.33579
1.33364
1.33324
1.33614
1.33375
1.3334
1.33611
1.33242
1.4153
1.3415
1.33888
1.33663
1.33882
1.33716
1.33539
1.34524
1.33692
1.33863
1.34425
1.33631
1.4222
1.33679
1.3315
1.33372
1.3282
1.33412
1.33549
1.33225
1.33283
1.33756
1.32872
1.33182
1.3378
1.57183
1.37922
1.56976
1.32917
1.34951
1.33335
1.33489
1.34527
1.33484
1.33462
1.34181
1.3337
1.52073
1.33746
1.43868
1.33651
1.33444
1.33184
1.33936
1.34724
1.34125
1.33583
1.33652
1.33796
1.50695
1.33409
1.34539
1.3325
1.33402
1.3414
1.33468
1.33515
1.34086
1.33523
1.33297
1.33947
1.41893
1.33838
1.34197
1.33671
1.34068
1.33682
1.33453
1.33548
1.34173
1.33658
1.34393
1.33837
1.42182
1.34482
1.33885
1.34236
1.34415
1.33467
1.334
1.34299
1.33453
1.33574
1.3447
1.33894
1.33586
1.42419
1.33322
1.33292
1.33665
1.3333
1.33199
1.33612
1.33616
1.3291
1.33639
1.33234
1.33244
1.41749
1.33339
1.33871
1.3327
1.33173
1.33723
1.33135
1.33305
1.33935
1.33648
1.33335
1.34044
1.41709
1.33265
1.33716
1.33262
1.33589
1.33855
1.3321
1.33542
1.34063
1.34675
1.33699
1.3395
1.33388
1.41697
1.33536
1.33709
1.3397
1.32747
1.33232
1.33937
1.33722
1.33301
1.33628
1.33953
1.33424
1.43026
1.34448
2.13112
1.33922
1.34415
1.33646
1.34181
1.33883
1.33741
1.33947
1.3416
1.33415
1.4258
1.33848
1.33814
1.34534
1.34002
1.33901
1.34873
1.33869
1.33867
1.34501
1.33928
1.33565
1.42992
1.33878
1.33572
1.34252
1.33864
1.33694
1.34106
1.33699
1.33843
1.34128
1.33985
1.34225
1.41837
1.33719
1.34673
1.33998
1.33911
1.35587
1.34052
1.34089
1.34435
1.3509
1.34079
1.34367
1.38676
1.34352
1.34594
1.33973
1.34021
1.34334
1.33882
1.33827
1.33967
1.34744
1.35113
1.34074
1.33813
1.43186
1.34299
1.3421
1.34852
1.34095
1.34058
1.34388
1.34251
1.33897
1.33968
1.33379
1.3326
1.42337
1.33541
1.33291
1.33557
1.33445
1.33345
1.33558
1.33205
1.33238
1.33639
1.33255
1.33584
1.41849
1.33707
1.34018
1.33522
1.33134
1.33841
1.33564
1.3327
1.3431
1.33601
1.33504
1.3366
1.33647
1.4185
1.34028
1.33831
1.33423
1.33693
1.34101
1.33314
1.34135
1.3397
1.33465
1.34003
1.33803
1.42245
1.33416
1.33541
1.33834
1.33552
1.33551
1.33948
1.33668
1.33914
1.34089
1.33608
1.33626
1.4288
1.33726
1.33607
1.34248
1.3382
1.33646
1.3416
1.33563
1.3369
1.34434
1.35442
1.33782
1.34441
1.41345
1.34238
1.3365
1.33529
1.3411
1.34046
1.33702
1.34364
1.33765
1.33685
1.34676
1.33785
1.41911
1.34411
1.33604
1.33624
1.33832
1.33536
1.33501
1.34171
1.33468
1.3322
1.34042
1.33596
1.42581
1.33652
1.3352
1.33859
1.34098
1.33793
1.3431
1.34025
1.34007
1.34454
1.34005
1.34116
1.42141
1.33714
1.33458
1.34266
1.33618
1.33724
1.3397
1.3388
1.33792
1.34322
1.33911
1.33998
1.33949
1.41906
1.34398
1.33974
1.33898
1.36081
1.33668
1.3411
1.34455
1.33894
1.33941
1.3487
1.33875
1.42746
1.34212
1.34025
1.33761
1.34506
1.3347
1.33933
1.34363
1.33983
1.35729
1.35782
1.33951
1.43004
1.33847
1.33779
1.34567
1.33892
1.33494
1.34438
1.33867
1.33494
1.34174
1.33831
1.33634
1.42341
1.33691
1.33804
1.3443
1.33882
1.33579
1.34275
1.33838
1.34232
1.33652
1.34323
1.34216
1.33805
1.41838
1.34379
1.33701
1.33779
1.34249
1.33795
1.33559
1.34017
1.36472
1.34191
1.34159
1.34041
1.42284
1.34507
1.33702
1.3394
1.34256
1.34134
1.34604
1.34147
1.3406
1.34588
1.33838
1.34143
1.42758
2.13076
1.3398
1.33799
1.34469
1.81393
1.63902
1.64141
1.64308
1.64063
1.72832
1.64627
1.63765
1.64586
1.64016
1.63777
1.64655
1.63972
1.64049
1.65727
1.71809
1.64822
1.64398
1.63714
1.64389
1.64055
1.63713
1.64084
1.64205
1.63884
1.64171
1.70261
1.64022
1.64267
1.63884
1.63988
1.6451
1.64084
1.64618
1.64428
1.63475
1.72711
1.64229
1.63654
1.64346
1.64511
1.63857
1.64452
1.64396
1.63885
1.64322
1.72647
1.64314
1.64875
1.64478
1.64674
1.6415
1.64274
1.64434
1.6482
1.63872
1.73181
1.64391
1.6402
1.93455
2.02339
1.65038
1.65099
1.64142
1.35965
1.34749
1.50549
1.34601
1.34204
1.34947
1.348
1.44686
1.35149
1.34502
1.34289
1.35189
1.34652
1.3537
1.51744
1.34167
1.34935
1.34599
1.34554
1.35076
1.34447
1.34187
1.348
1.34291
1.34691
1.3491
1.42811
1.35151
1.34447
1.34408
1.35162
1.34508
1.34751
1.35369
1.34715
1.34126
1.37521
1.34671
1.43496
1.34521
1.3474
1.34846
1.34551
1.34275
1.35028
1.34371
1.34514
1.34822
1.34874
1.3443
1.43414
1.34459
1.35349
1.34595
1.34817
1.34961
1.34895
1.34261
1.35015
1.34024
1.34387
1.35311
1.42705
1.34586
1.3552
1.34207
1.34283
1.34978
1.3468
1.34739
1.35041
1.34376
1.35018
1.34601
1.34644
1.43497
1.34837
1.34103
1.34733
1.3426
1.34513
1.34707
1.34528
1.51944
1.34651
1.34379
1.36481
1.42897
1.34638
1.35057
1.34438
1.34755
1.35264
1.34516
1.3496
1.34939
1.34793
1.35335
1.34916
1.4262
1.34979
1.34787
1.34387
1.35011
1.34765
1.34516
1.34888
1.34407
1.35099
1.33738
1.34444
1.43613
1.35311
1.34811
1.35251
1.3479
1.34928
1.35456
1.347
1.34667
1.35506
1.34475
1.34845
1.42886
1.34721
1.35592
1.34479
1.34832
1.35708
1.34743
1.36044
1.3504
1.3479
1.34435
1.35317
1.4288
1.35261
1.34675
1.34467
1.34994
1.3465
1.34203
1.35037
1.34379
1.34617
1.34916
1.34672
1.34337
1.43664
1.34521
1.34891
1.3488
1.34541
1.3463
1.34711
1.34601
1.34986
1.34366
1.34455
1.35227
1.44571
1.34741
1.35173
1.34247
1.34651
1.3508
1.34306
1.34974
1.34472
1.34431
1.35218
1.34579
1.43046
1.35016
1.34352
1.3431
1.35541
1.3462
1.34629
1.35542
1.35168
1.34823
1.35018
1.34358
1.43557
1.34424
1.34576
1.34742
2.13374
1.34842
1.34566
1.34941
1.35255
1.35508
1.34973
1.35124
1.44508
1.3486
1.35311
1.35447
1.34923
1.34862
1.35601
1.34817
1.3557
1.34796
1.3478
1.35464
1.43289
1.34947
1.35546
1.34864
1.34892
1.35553
1.35118
1.35039
1.35556
1.34945
1.35489
1.35016
1.43633
1.35783
1.49555
1.54963
1.51093
1.51533
1.50906
1.51232
1.50999
1.5133
1.50731
1.61124
1.51996
1.51805
1.50746
1.51287
1.51335
1.50843
1.51275
1.51123
1.52202
1.50874
1.64219
1.61998
1.54119
1.59156
1.55465
1.57972
1.42707
1.3834
1.35473
1.35221
1.34694
1.44234
1.35423
1.35951
1.34663
1.34512
1.35527
1.34191
1.34157
1.35439
1.34921
1.34238
1.35494
1.42882
1.34896
1.33507
1.3381
1.34517
1.34116
1.34081
1.34817
1.33994
1.34862
1.35
1.34161
1.34894
1.42918
1.34237
1.34962
1.34927
1.34922
1.3573
1.34224
1.34632
1.34556
1.34762
1.34849
1.34844
1.42927
1.34458
1.35665
1.3421
1.34758
1.34592
1.34392
1.33957
1.34494
1.34226
1.3442
1.35004
1.42797
1.34902
1.34837
1.3454
1.35159
1.34532
1.33991
1.34427
1.33461
1.33221
1.33695
1.33529
1.41769
1.33551
1.34491
1.33553
1.32943
1.32868
1.33794
1.33388
1.33484
1.3331
1.34097
1.33284
1.34
1.41769
1.33833
1.33336
1.33415
1.33524
1.34132
1.34318
1.33584
1.33558
1.34319
1.33428
1.33738
1.41901
1.34286
1.34293
1.33579
1.33807
1.34577
1.33776
1.33956
1.34153
1.33574
1.33298
1.34127
1.42265
1.34703
1.33438
1.3336
1.33864
1.33659
1.33558
1.34315
1.33735
1.33548
1.34098
1.33991
1.33708
1.42785
1.3369
1.341
1.34307
1.33772
1.33457
1.34394
1.33816
1.33713
1.34407
1.33492
1.33935
1.42133
1.33448
1.34226
1.33987
1.33685
1.34117
1.3348
1.33437
1.33153
1.32553
1.32935
1.32885
1.40953
1.32559
1.3293
1.32413
1.32895
1.32692
1.32639
1.32622
1.32909
1.32508
1.32486
1.32824
1.32934
1.40867
1.32706
1.32764
1.32833
1.33397
1.3255
1.32436
1.33239
1.32614
1.32781
1.33404
1.32317
1.40975
1.32878
1.32965
1.33077
1.32916
1.32624
1.32542
1.32724
1.32475
1.32382
1.33503
1.32671
1.32476
1.40153
1.32568
1.32647
1.33136
1.32612
1.32312
1.34782
1.7091
1.76089
1.33625
1.34123
1.53168
1.34158
1.33577
1.33552
1.34384
1.33234
1.333
2.13671
1.56097
1.34217
1.3367
1.33842
1.51918
1.33286
1.33246
1.34334
1.33483
1.3313
1.34235
1.34126
1.33753
1.3431
1.33642
1.33353
1.43192
1.3389
1.34471
1.34417
1.33832
1.338
1.33559
1.33712
1.33779
1.33608
1.3355
1.34021
1.41797
1.33583
1.3336
1.33568
1.33354
1.34063
1.34056
1.34147
1.33962
1.33821
1.33648
1.3397
1.33539
1.41437
1.3357
1.33594
1.33468
1.33163
1.33427
1.33762
1.33985
1.33526
1.33833
1.33444
1.33455
1.42066
1.334
1.33335
1.34168
1.33307
1.33341
1.53024
1.35001
1.34497
1.33564
1.33841
1.34333
1.41966
1.33264
1.33843
1.33076
1.32528
1.33259
1.32777
1.3291
1.33483
1.33052
1.32981
1.33659
1.41149
1.32996
1.33513
1.33337
1.32973
1.33793
1.33075
1.32709
1.33411
1.33051
1.33431
1.33809
1.32964
1.41016
1.33844
1.32719
1.32852
1.33404
1.32556
1.32553
1.33612
1.32626
1.33153
1.33531
1.32678
1.42021
1.32878
1.32641
1.32983
1.32824
1.33038
1.33409
1.32805
1.32843
1.35583
1.58152
1.60615
1.52872
1.4486
1.41903
1.3718
1.34562
1.35506
1.52957
1.46203
1.43907
1.4121
1.36194
1.38706
1.59611
1.44691
1.4382
1.405
1.35057
1.33748
1.3374
1.33484
1.3358
1.34131
1.33855
1.33841
1.43162
1.33861
1.33473
1.33717
1.329
1.32974
1.33341
1.33197
1.33143
1.33593
1.33124
1.33303
1.4184
1.33363
1.33536
1.33354
1.33434
1.33957
1.34704
1.32994
1.33569
1.3322
1.33338
1.3396
1.41621
1.33657
1.33638
1.33261
1.33051
1.33812
1.33365
1.33086
1.33441
1.3376
1.33073
1.33702
1.33244
1.41851
1.3293
1.334
1.3342
1.34477
1.33966
1.34125
1.33488
1.3401
1.34392
1.33245
1.33792
1.43358
1.33131
1.33845
1.34223
1.33765
1.33333
1.33941
1.33609
1.33675
1.34276
1.33026
1.33117
1.41747
1.33049
1.35763
1.32926
1.33272
1.33181
1.33448
1.32838
1.3271
1.33434
1.33049
1.33089
1.33686
1.4106
1.33075
1.32774
1.33224
1.33618
1.3281
1.32916
1.33444
1.32765
1.33273
1.33272
1.33135
1.41181
1.33524
1.32936
1.33525
1.33943
1.33338
1.32212
1.33002
1.32095
1.32152
1.33191
1.33321
1.41439
1.33669
1.32517
1.32402
1.33391
1.32546
1.32462
1.33242
1.32604
1.33309
1.33266
1.32202
1.33249
1.41595
1.32275
1.3383
1.34019
1.33224
1.3276
2.12524
1.33187
1.32382
1.32489
1.34749
1.33914
1.426
1.32931
1.32889
1.33108
1.32475
1.32803
1.34013
1.32713
1.32658
1.33275
1.32981
1.33433
1.41803
1.32543
1.32702
1.33279
1.33512
1.33224
1.33218
1.32481
1.32973
1.32986
1.33526
1.32889
1.42011
1.33001
1.33142
1.33685
1.32982
1.32283
1.33967
1.33726
1.33221
1.34101
1.33292
1.32708
1.34401
1.4144
1.34342
1.33792
1.33687
1.38407
1.34356
1.33946
1.33749
1.32237
1.33588
1.33239
1.3292
1.42331
1.33929
1.33609
1.33373
1.34377
1.33736
1.33893
1.33384
1.33516
1.3334
1.34298
1.33984
1.42053
1.33841
1.3317
1.32451
1.32992
1.32746
1.32706
1.32143
1.32282
1.32994
1.33856
1.33104
1.32001
1.41793
1.32862
1.33848
1.33431
1.32772
1.33206
1.32959
1.34056
1.36093
1.32572
1.32668
1.32942
1.41262
1.32929
1.32565
1.32453
1.32805
1.33514
1.32618
1.33405
1.33651
1.32363
1.32323
1.33068
1.42159
1.33102
1.33066
1.32698
1.32849
1.33005
1.33513
1.33491
1.3487
1.32879
1.32666
1.33848
1.34243
1.4125
1.33236
1.33906
1.34102
1.33425
1.34193
1.33633
1.3412
1.34095
1.349
1.33621
1.33139
1.42099
1.33721
1.33759
1.34179
1.33218
1.33532
1.35864
1.35237
1.34964
1.3398
1.33049
1.33715
1.42408
1.33983
1.34154
1.3311
1.33573
1.33351
1.34985
1.34107
1.3445
1.33497
1.33252
1.3446
1.3406
1.42382
1.34169
1.34264
1.33622
1.34904
1.3374
1.33118
1.33947
1.34935
1.33755
1.34893
1.33545
1.41584
1.33634
1.33634
1.35013
1.34459
1.33911
1.34396
1.33838
1.34755
1.35085
1.51253
1.64482
1.5322
1.36754
1.35689
1.35388
1.38573
1.35898
1.35113
1.39023
1.52603
1.46254
1.62726
1.64385
1.56499
1.35124
1.35054
1.3539
1.35307
1.36215
1.34971
1.34618
1.33939
1.3422
1.34575
1.5137
1.34114
1.34316
1.34763
1.34043
1.34201
1.34175
1.34118
1.34355
1.34599
1.34192
1.35252
1.43329
1.34665
1.3483
1.34878
1.40281
1.34775
1.34638
1.34707
1.34667
1.34531
1.34537
1.35031
1.34315
1.43414
1.34707
1.35288
1.35852
1.34876
1.34688
1.35622
1.34411
1.35459
1.35436
1.34759
1.34685
1.44475
1.35105
1.35539
1.34159
1.34084
1.34709
1.34932
1.34475
1.35007
1.34668
1.3483
1.35351
1.42478
1.34951
1.34676
1.35776
1.34865
1.3421
2.13766
1.3399
1.34586
1.34015
1.34536
1.34882
1.42538
1.35127
1.3455
1.34224
1.34748
1.34327
1.35811
1.34788
1.34135
1.34426
1.35051
1.34535
1.4362
1.36025
1.35864
1.37439
1.35866
1.36647
1.38374
1.37585
1.37269
1.38136
1.38478
1.37837
1.463
1.3785
1.38216
1.3754
1.38241
1.37609
1.3821
1.36706
1.36524
1.36122
1.37192
1.36232
1.45552
1.36523
1.37017
1.36785
1.36828
1.36488
1.37104
1.36071
1.36777
1.36122
1.36655
1.36637
1.44582
1.35996
1.36787
1.36451
1.36155
1.35945
1.36224
1.36219
1.36024
1.35891
1.3641
1.3587
1.45019
1.35681
1.35357
1.35674
1.34762
1.34794
1.35523
1.34632
1.34301
1.34997
1.3476
1.34763
1.43073
1.34356
1.34826
1.3469
1.34546
1.35396
1.34977
1.36054
1.35526
1.35532
1.35699
1.35737
1.40227
1.35861
1.35953
1.35032
1.35768
1.35326
1.35216
1.36295
1.35237
1.351
1.35828
1.35316
1.35288
1.44312
1.35591
1.36118
1.34991
1.35635
1.35831
1.35064
1.3519
1.35286
1.35219
1.36544
1.35216
1.43013
1.35885
1.35348
1.34925
1.35674
1.35346
1.3537
1.35295
1.35253
1.35449
1.35642
1.35492
1.4405
1.37171
1.35292
1.35485
1.34695
1.35754
1.35523
1.35169
1.35318
1.35827
1.35207
1.35725
1.43627
1.3513
1.35557
1.34927
1.34874
1.35589
1.35409
1.35268
1.35846
1.35572
1.35354
1.35864
1.43976
1.36247
1.35589
1.35407
1.36308
1.36079
1.35973
1.36175
1.36833
1.35434
1.36157
1.35495
1.44436
1.36382
1.35952
1.3625
1.36128
1.36053
1.36218
1.36059
1.36031
1.36058
1.35419
1.35815
1.35409
1.44485
1.35864
1.35405
1.35063
1.36323
1.35392
1.35847
1.35661
1.3563
1.36076
1.35272
1.3532
1.44505
1.35628
1.36109
1.3494
1.35495
1.36105
1.35468
1.34897
1.36034
1.35252
1.34894
1.35531
1.4336
1.34866
1.34907
1.34715
1.35222
1.3468
1.34882
1.35205
1.3498
1.34914
1.35435
1.35279
1.43591
1.35718
1.35634
1.35946
1.34732
1.35455
1.36022
1.35761
1.35842
1.35608
1.35532
1.35266
1.44108
1.35653
1.35492
1.35482
1.36023
1.35723
1.35114
1.3531
1.38015
1.35782
1.35618
1.35633
1.44032
1.35595
1.35205
1.35004
1.35759
1.35071
1.34975
1.35326
1.35334
1.35071
1.35219
1.35129
1.35268
1.44165
1.35096
1.35856
1.35436
1.35683
1.35819
1.35481
2.14259
1.35705
1.35173
1.34252
1.4471
1.34387
1.35311
1.35899
1.35373
1.35193
1.35524
1.35178
1.35433
1.35444
1.35241
1.36018
1.4428
1.35276
1.35563
1.35436
1.357
1.36119
1.35788
1.35722
1.3618
1.35467
1.3575
1.35964
1.44363
1.36007
1.35787
1.35424
1.36315
1.36004
1.36271
1.35741
1.36353
1.36203
1.36062
1.35776
1.36178
1.44173
1.36281
1.35729
1.35739
1.36371
1.35899
1.35746
1.36239
1.36658
1.35606
1.36046
1.3618
1.44497
1.35555
1.35991
1.36405
1.35947
1.35385
1.36251
1.35802
1.35716
1.36563
1.35988
1.36517
1.44179
1.35489
1.35866
1.35607
1.35014
1.35515
1.3548
1.37729
1.3519
1.35086
1.35526
1.34725
1.42715
1.35461
1.35056
1.35531
1.35782
1.35284
1.35438
1.35898
1.35319
1.35837
1.35548
1.3557
1.44348
1.35315
1.3496
1.35983
1.35026
1.35245
1.35467
1.35479
1.3564
1.3518
1.34977
1.35943
1.43576
1.83201
1.3619
1.36209
1.35681
1.35693
1.36128
1.35424
1.35743
1.36331
1.35621
1.35896
1.54189
1.44008
1.6482
1.3566
1.36228
1.35402
1.36088
1.35722
1.35249
1.36948
1.35682
1.37589
1.53966
1.35667
1.35789
1.35817
1.47992
1.5144
1.50502
1.52403
1.51292
1.52039
1.52073
1.61271
1.52191
1.5145
1.52111
1.51781
1.51731
1.51416
1.5196
1.51657
1.52343
1.5144
1.62211
1.52228
1.51646
1.52263
1.51613
1.52666
1.52023
1.52307
1.52121
1.52702
1.52328
1.62763
1.51469
1.52465
1.51986
1.52384
1.52341
1.52502
1.52014
1.51087
1.51728
1.51803
1.61939
1.51354
1.5206
1.51357
1.51948
1.51686
1.51813
1.52006
1.51832
1.51261
1.61929
1.51931
1.51858
1.51897
1.51504
1.52444
1.51735
1.52209
1.5209
1.5364
1.52189
1.6256
1.51585
1.52854
1.51482
1.5187
1.5179
1.51439
1.50657
1.51462
1.50731
1.51318
1.61417
1.50901
1.51441
1.50743
1.51356
1.50588
1.51492
1.51273
1.51419
1.50972
1.51148
1.6039
1.5134
1.50934
1.51447
1.51134
1.51549
1.50903
1.51439
1.51091
1.51538
1.50954
1.61289
1.51277
1.50643
1.51588
1.50978
1.51809
1.51222
1.51353
1.50667
1.51209
1.50688
1.61431
1.50677
1.51271
1.50963
1.5117
1.50789
1.51746
1.50491
1.51253
1.50508
1.51515
1.6115
1.50569
1.51647
1.50985
1.51414
1.50995
1.51316
1.51017
1.51899
1.51167
1.51614
2.29593
1.50954
1.5131
1.50983
1.51746
1.51437
1.51218
1.51559
1.5127
1.51781
1.61285
1.51746
1.51636
1.51341
1.5142
1.51947
1.51484
1.52207
1.51257
1.51335
1.51301
1.62274
1.51439
1.51867
1.51367
1.515
1.51855
1.51589
1.52407
1.51394
1.52071
1.5178
1.61371
1.51526
1.5205
1.51606
1.52382
1.51516
1.51799
1.51219
1.51297
1.51347
1.51677
1.61587
1.51712
1.51948
1.51438
1.51758
1.68963
1.51862
1.51334
1.51827
1.51645
1.62193
1.51626
1.5142
1.51917
1.51732
1.51852
1.51328
1.51755
1.51584
1.52061
1.52599
1.62646
1.51639
1.52209
1.51629
1.51105
1.50613
1.51417
1.50319
1.50948
1.5118
1.51113
1.61355
1.50853
1.51149
1.50845
1.51338
1.51052
1.51127
1.50791
1.50797
1.50923
1.51214
1.60646
1.51026
1.50997
1.51296
1.52608
1.51325
1.50783
1.51488
1.50964
1.51416
1.50722
1.61448
1.51298
1.51337
1.51418
1.512
1.51099
1.50569
1.51337
1.50604
1.51539
1.50661
1.61589
1.50814
1.51222
1.50977
1.51704
1.50246
1.51448
1.50747
1.51565
1.50823
1.51263
1.60889
1.51131
1.50652
1.50955
1.51251
1.51176
1.514
1.50689
1.51646
1.5245
1.51891
1.60752
1.51305
1.51982
1.52225
1.51768
1.51684
1.52041
1.52049
1.52053
1.5233
1.62674
1.51881
1.5236
3.62836
2.17664
1.77068
1.77188
1.76946
1.76926
1.89506
1.76818
1.77175
1.77189
1.76856
1.77046
1.777
1.77282
1.77184
1.88945
1.76763
1.76954
1.7681
1.7672
1.76538
1.776
1.77052
1.77047
1.8911
1.79869
1.77142
1.77191
1.7726
1.77071
1.77425
1.77076
1.77619
1.76754
1.8944
1.77173
1.77129
1.77373
1.76627
1.77285
1.76913
1.77594
1.78655
1.88921
1.77151
1.77307
2.13726
1.79195
1.78214
1.77286
1.77174
1.78008
2.23222
1.77567
1.88846
1.8787
1.76729
1.76649
1.7679
1.77097
1.76641
2.19115
1.76637
1.77099
1.76615
1.76854
1.76732
1.76149
1.76538
1.76903
1.89088
1.76371
1.78948
1.76832
1.76994
1.76645
1.7627
1.76562
1.76928
1.89735
1.7707
1.76508
2.48242
2.56349
1.77399
1.78044
1.77618
1.77268
2.24722
1.77449
2.55793
2.36022
1.77453
1.77706
1.77156
1.77368
2.24629
1.77605
1.76788
1.77243
1.7705
1.77436
1.78143
1.77155
1.77584
1.90006
1.7742
1.77104
1.77133
1.77403
1.77199
1.77068
1.76327
2.54631
1.89498
1.76868
1.76346
1.77867
1.77594
1.77837
1.76782
1.77006
1.7731
1.89419
1.77374
1.77286
1.76872
1.77726
1.77697
1.7741
1.77148
1.77273
1.77632
1.90394
1.77069
1.76989
1.77535
1.77627
1.77733
1.77157
1.77386
1.7808
1.90366
1.77714
1.77113
1.77544
1.77217
1.77344
1.77704
1.77374
1.77511
1.91148
1.77654
1.77504
1.7679
1.77258
1.78295
1.77548
1.76991
1.77357
1.89636
1.77552
1.89852
1.88401
1.76581
1.7736
1.78096
1.77664
1.77948
1.77099
1.87278
1.77221
1.77807
1.77631
1.76899
1.77742
1.77479
1.77402
1.77195
1.89963
1.7684
1.76812
1.76437
1.7638
1.76668
1.76862
1.76862
1.76212
1.89035
1.76531
1.76026
1.76991
1.76128
1.7695
1.76751
1.766
1.76499
1.87931
1.77069
1.76781
1.76744
1.76425
1.76759
1.7668
1.76773
1.77034
1.76436
1.90387
1.76655
1.76999
1.76399
1.75832
1.76687
1.76535
1.76568
1.75921
1.89109
1.76806
1.76941
1.76148
1.76114
1.77041
1.76956
1.7682
1.7631
1.89038
1.76673
1.76756
1.76879
1.76448
1.76493
1.76796
1.77174
1.76692
1.7666
1.89014
1.76749
1.76869
1.76523
1.76751
1.76495
1.76869
1.7632
1.76491
1.91054
1.78906
1.77971
1.77194
1.78228
1.78327
1.77939
1.77571
1.76991
1.90476
1.77784
1.77601
1.77097
1.76958
1.77328
1.77107
1.7767
1.7757
1.77433
1.90586
1.77705
1.77649
1.76957
1.7752
1.77463
1.77459
1.77347
1.76797
1.90138
1.77538
1.96295
1.77126
1.77208
1.75554
1.77358
1.77045
1.77179
1.88876
1.77121
1.7741
1.77353
1.77735
1.76829
1.77263
1.77407
1.77966
1.89965
1.76647
1.77421
1.77749
1.7749
1.77707
1.7764
1.77999
1.77861
1.77251
1.89165
1.77375
1.77742
1.77254
1.77317
1.76961
1.77368
1.77681
1.7775
1.89377
1.76561
1.76682
1.7687
1.77023
1.76264
1.766
1.76546
1.76797
1.89357
1.77654
1.76627
1.77141
1.76657
1.76357
1.76903
1.80757
1.76904
1.89342
1.76217
1.77109
1.76866
1.7676
1.76632
1.75482
1.76825
1.76597
1.77064
1.8867
1.76133
1.76664
1.76655
1.76465
1.76333
1.7624
1.78382
1.77158
1.88455
1.76151
1.76415
1.76841
1.76769
1.76359
1.76495
1.7708
1.76882
1.8855
1.76294
1.77011
1.76656
1.76655
1.76395
1.77109
1.76705
1.76609
1.76115
1.894
1.77048
1.76919
1.76612
2.54241
1.767
1.76839
1.7637
1.77421
1.90127
1.78676
1.77554
1.7729
1.77536
1.77213
1.77677
1.77968
1.77007
1.90112
1.88451
1.88532
1.77495
1.77518
1.7745
1.77885
1.77555
1.77512
1.89433
1.77741
1.77855
1.77404
1.77683
1.77319
1.77523
1.77792
1.7776
1.8993
1.76886
1.77675
1.77689
1.77975
1.77858
1.76875
1.7747
1.77768
1.86015
1.78125
1.76958
1.77309
2.40247
3.3438
1.78032
1.77853
1.78497
2.3535
1.77489
1.78135
1.78193
2.21816
1.78204
1.78354
1.77509
2.46098
1.78538
1.77509
1.78085
1.78147
1.78535
1.77984
1.77362
1.77998
1.91662
1.77231
1.77345
1.76943
1.77336
1.77275
1.77353
1.76646
1.76886
1.77558
1.86177
1.77012
1.76937
1.77408
1.77172
1.77179
1.76578
1.77361
1.77014
1.89448
1.77394
1.77392
1.77158
1.76892
1.77113
1.77435
1.76634
1.77184
1.89231
1.77133
1.76682
1.76549
1.77067
1.77616
1.77279
1.76503
1.77403
1.89689
1.77
1.77407
1.76789
1.76942
1.77186
1.77268
1.76252
1.76753
1.77138
1.89046
1.78388
1.77625
1.76671
1.77239
1.77124
1.76919
1.76478
1.76769
1.89186
2.03051
2.40971
2.1705
2.04281
2.0418
2.0406
2.04249
2.19127
2.04336
2.04704
2.05114
2.04688
2.04938
2.04538
2.04637
2.20153
2.04339
2.04807
2.0481
2.04341
2.04974
2.04761
2.04489
2.16364
2.04916
2.04724
2.04355
2.04756
2.04773
2.05021
2.04734
2.1938
2.03827
2.0469
2.0437
2.04783
2.04822
2.04614
2.043
2.19755
2.04863
2.05428
2.04162
2.04769
2.04626
2.04092
2.047
2.19639
2.13282
2.04241
2.04591
2.03656
2.04734
2.04667
2.0428
2.19879
2.0418
2.04188
2.04163
2.03935
2.04559
2.04543
2.04703
2.20431
2.04801
2.04087
2.05492
2.04747
2.04915
2.04774
2.05039
2.16512
2.05173
2.04379
2.04027
2.04266
2.04362
2.03868
2.03646
2.19144
2.0412
2.04163
2.04089
2.04004
2.03984
2.04145
2.03945
2.18542
2.04375
2.0528
2.04548
2.03961
2.04603
2.04737
2.04604
2.18763
2.03805
2.31063
2.04277
2.04466
2.04163
2.03938
2.04417
2.15921
2.04456
2.04114
2.04437
2.0435
2.04182
2.04107
2.04434
2.19105
2.04709
2.04027
2.03901
2.04005
2.06512
2.04282
2.03994
2.18549
2.04081
2.03814
2.03666
2.0746
2.04837
2.04693
2.04076
2.20648
2.04967
2.04432
2.04787
2.04088
2.81611
2.04619
2.04407
2.19203
2.05063
2.05262
2.04878
2.04752
2.05144
2.04728
2.04828
2.19631
2.04627
2.04713
2.04776
2.04796
2.05052
2.0511
2.04136
2.1967
2.05715
2.04483
2.05152
2.0486
2.04909
2.05399
2.05301
2.16339
2.04926
2.04813
2.0464
2.04281
2.04744
2.05743
2.04592
2.19402
2.05239
2.05161
2.04865
2.04965
2.05257
2.05028
2.04531
2.19345
2.04835
2.04772
2.04881
2.04932
2.0438
2.04464
2.03982
2.19272
2.04544
2.04265
2.06008
2.04235
2.04654
2.04565
2.04372
2.19211
2.04168
2.31386
2.03979
2.042
2.0442
2.04245
2.04826
2.19102
2.04482
2.03974
2.04322
2.03774
2.04247
2.03676
2.03777
2.18004
2.03636
2.02314
2.03888
2.03925
2.03938
2.03561
2.03553
2.19149
2.04192
2.03536
2.03761
2.04087
3.89727
2.1743
4.33297
2.20412
2.04946
2.04023
3.65922
2.19972
3.42787
2.15381
2.03382
2.04902
2.04244
2.03747
2.03842
2.04063
2.18867
2.04351
2.04198
2.04212
2.04564
2.04184
2.04239
2.04599
2.2119
2.04215
2.04049
2.03625
2.04516
2.03961
2.03505
2.03518
2.16161
2.03523
2.0403
2.03907
2.0463
2.03765
2.0445
2.04545
2.19558
2.03593
2.04757
2.04195
2.05496
2.0486
2.04147
2.04869
2.20176
2.03891
2.05252
2.04042
2.05281
2.05251
2.05026
2.05076
2.20302
2.04825
2.04951
2.05916
2.05139
2.04845
2.05112
2.04983
2.19016
2.20069
2.17809
2.04418
2.04383
2.04459
2.04717
2.04488
2.19805
2.03431
2.04031
2.0428
2.04806
2.05139
2.04918
2.0494
2.19719
2.03828
2.04943
2.04698
2.04698
2.04817
2.04698
2.04423
2.20182
2.04232
2.048
2.04498
2.04812
2.0463
2.04667
2.04531
2.20473
2.04426
2.05018
2.04554
2.05547
2.04874
2.04978
2.04704
2.16622
2.04237
2.04969
2.04582
2.03711
2.03907
2.03718
2.03939
2.18807
2.06817
2.04235
2.03754
2.03885
2.04012
2.04205
2.03402
2.18785
2.03711
2.0426
2.03856
2.03994
2.04055
2.04588
2.03795
2.19561
2.03586
2.03377
2.0348
2.03577
2.03656
2.03322
2.03297
2.14894
2.0309
2.0317
2.03653
2.04175
2.03959
2.03782
2.04243
2.19155
2.06311
2.03922
2.03713
2.04378
2.03645
2.04089
2.03513
2.12742
2.05464
2.03852
2.03343
2.05367
2.03829
2.03626
2.03658
2.03794
2.1878
2.12926
2.12201
2.04514
2.03919
2.03593
2.04225
2.96897
2.04466
2.0408
2.04173
2.04719
2.04244
2.04494
2.03938
2.20578
2.04705
2.04519
2.03743
2.03828
2.04011
2.04092
2.03905
2.1634
2.04102
2.0451
2.03823
2.04351
2.04114
2.04629
2.03897
2.19435
2.046
2.03991
2.04034
2.04647
2.03939
2.03906
2.0402
2.19791
2.03841
2.05417
2.04105
2.05876
2.05206
2.04524
2.04869
2.16447
2.04028
2.04902
2.04026
2.04313
2.04203
2.04385
2.04197
2.13818
2.05507
2.03981
2.04554
2.04609
2.0433
2.04539
2.03975
2.0408
2.19988
2.04288
2.04336
2.04953
2.0469
2.04697
2.0509
2.05356
2.20896
2.04586
2.04907
2.04083
2.03255
2.03822
2.04242
2.04052
2.19533
2.03573
2.03607
2.0409
2.03979
2.04018
2.04027
2.0387
2.18395
2.0388
2.03732
2.03653
2.05332
2.0396
2.03894
2.03264
2.3547
2.0337
2.03611
2.03982
2.02868
2.03458
2.03467
2.08569
2.18126
2.03496
2.04097
2.03893
2.03858
2.04881
2.04136
2.03436
2.1918
2.04329
2.03477
2.03951
2.03745
2.04013
2.03987
2.03821
2.19062
2.04498
2.03925
2.0336
2.03231
2.03755
2.64751
5.21794
2.05348
2.05383
2.04048
2.04025
2.05024
3.30307
2.78927
2.04655
2.03667
2.04858
2.0452
2.05445
2.04773
2.21353
2.22327
2.047
2.04967
2.0522
2.0451
2.06454
2.05268
2.21062
2.05552
2.05353
2.05241
2.05221
2.05275
2.05372
2.05168
2.18113
2.04767
2.05495
2.04805
2.05257
2.05697
2.05315
2.04708
2.20984
2.05011
2.05
2.04836
2.05158
2.05249
2.05672
2.05339
2.16496
2.05474
2.04224
2.04925
2.05219
2.05714
2.05359
2.05541
2.19289
2.05607
2.05486
2.05317
2.05355
2.0468
2.04876
2.05065
2.20317
2.12602
2.04635
2.04785
2.05413
2.04683
2.0517
2.04763
2.19897
2.0462
2.05077
2.04444
2.04816
2.04467
2.03779
2.03092
2.18507
2.03304
2.03208
2.0359
2.06039
2.03506
2.03931
2.0364
2.18635
2.03593
2.03706
2.03374
2.03235
2.03246
2.03864
2.03594
2.03739
2.18436
2.03675
2.03855
2.03255
2.03656
2.03523
2.03616
2.0321
2.17868
2.03235
2.03251
2.03421
2.03322
2.03805
2.03059
2.03145
2.29943
2.03136
2.03066
2.03685
2.03236
2.03911
2.03968
2.03814
2.14787
2.03599
2.0328
2.03481
2.03075
2.03618
2.03776
2.03205
2.18272
2.03079
2.03129
2.03157
2.03182
2.03662
2.02814
2.03308
2.14752
2.80582
2.03523
2.03742
2.03038
2.04174
2.034
2.03158
2.18906
2.03729
2.02515
2.03936
2.03717
2.04028
2.03844
2.03731
2.20391
2.02125
2.03631
2.03867
2.0347
2.03492
2.03398
2.0314
2.25349
2.03807
2.03975
2.03289
2.03496
2.03641
2.03493
2.03084
2.19054
2.02464
2.03037
2.02419
2.03446
2.03694
2.03304
2.03858
2.15855
2.04002
2.03278
2.02992
2.03487
2.03738
2.03306
2.0327
2.17904
2.03139
2.03456
2.03143
2.03611
2.02737
2.03236
2.03541
2.18254
2.03398
2.03293
2.03182
2.03274
2.03976
2.04055
2.03798
2.181
2.04045
2.03923
2.03837
2.03525
2.03238
2.02894
2.02809
2.28654
2.03042
2.02247
2.02645
2.02425
2.02719
2.02419
2.02858
2.1733
2.0262
2.02685
2.02749
2.02582
2.02963
2.02395
2.02715
2.027
2.16934
2.02463
2.02596
2.0215
2.02843
2.01146
2.02394
2.02101
2.17733
2.02176
2.02328
2.02365
2.02504
2.02926
2.02453
2.02531
2.17067
2.01786
2.01711
2.02559
2.02867
2.02603
2.02432
2.0267
2.17148
2.01548
2.02594
2.02643
2.01717
2.02893
2.03107
2.02908
2.28243
2.02707
2.02053
2.02405
2.02701
2.02712
2.02854
2.02648
2.17783
2.02044
2.02919
2.02749
2.03222
2.03059
2.03238
2.03608
2.19486
2.03304
2.02655
2.0299
2.03428
2.03222
2.03272
2.0278
2.13537
2.04039
2.05719
2.03027
2.03409
2.03163
2.03415
2.03079
3.55728
3.58118
2.04105
2.02849
2.03884
2.03951
2.03414
2.82588
3.55488
2.0362
2.0355
2.0392
2.04065
2.03859
2.87444
2.03361
2.03914
2.04344
2.0644
2.03814
2.04156
2.0417
2.19464
2.03739
2.04298
2.04529
2.04509
2.0444
2.0525
2.04001
2.19814
2.03264
2.05058
2.04635
2.04416
2.04411
2.05254
2.04469
2.2067
2.03816
2.04495
2.04525
2.04532
2.03838
2.04052
2.03113
2.18057
2.02641
2.0362
2.03314
2.03709
2.03004
2.03731
2.02989
2.18566
2.03859
2.03582
2.03275
2.03794
2.04037
2.0399
2.03903
2.32724
2.04278
2.02753
2.03013
2.02474
2.02397
2.03307
2.03227
2.18678
2.03281
2.02626
2.02905
2.0273
2.02879
2.0323
2.0348
2.15294
2.03151
2.0315
2.03569
2.033
2.0316
2.0336
2.03224
2.1771
2.03207
2.02859
2.03141
2.02947
2.03212
2.03498
2.02544
2.11897
2.0355
2.03606
2.03237
2.03199
2.02728
2.02889
2.03077
2.03167
2.1804
2.80538
2.03188
2.03101
2.02834
2.04085
2.03308
2.32104
2.04027
2.03867
2.035
2.03047
2.03298
2.03309
2.03811
2.15682
2.04027
2.03819
2.04027
2.03792
2.03667
2.03405
2.03777
2.18593
2.03707
2.03405
2.03403
2.02959
2.02917
2.03758
2.03539
2.13516
2.04212
2.03439
2.03582
2.03223
2.03765
2.03679
2.03737
2.03623
2.18756
2.03593
2.0337
2.0293
2.03482
2.0454
2.03498
2.03472
2.19289
2.03898
2.03471
2.03362
2.03283
2.03616
2.03429
2.03612
2.27635
2.03653
2.03111
2.03187
2.03565
2.03825
2.03459
2.03623
2.16046
2.02413
2.04
2.03696
2.03268
2.0339
2.02631
2.02587
2.18208
2.02727
2.02482
2.02928
2.03234
2.02718
2.02458
2.02766
2.13855
2.02721
2.03046
2.03033
2.02492
2.02491
2.02568
2.02804
2.18181
2.0273
2.02573
2.02467
2.02872
2.02766
2.02745
2.02508
2.17389
2.02814
2.02075
2.02695
2.02971
2.029
2.03038
2.0275
2.30812
2.10518
2.02277
2.02501
2.02548
2.0286
2.02481
2.03018
2.11996
2.04267
2.02494
2.02458
2.02712
2.03329
2.02158
2.02331
2.02505
2.14398
2.02176
2.03078
2.02987
2.02787
2.02828
2.02845
2.02292
2.19407
2.02313
2.03327
2.0291
2.04231
2.02864
2.04164
2.03548
2.15235
2.03493
2.03721
2.03261
2.0363
2.03433
2.03241
2.03244
2.18922
2.02791
2.03806
2.0356
2.03612
2.04163
2.03695
2.03581
2.25558
2.0352
2.03261
2.03597
2.03865
2.03656
2.03302
2.03708
2.185
2.03826
2.0311
2.0353
2.05482
2.054
2.04008
2.04479
2.19475
2.04017
2.0384
2.04182
2.03942
2.04143
2.03801
2.04022
2.19181
2.03419
2.03785
2.03633
2.03922
2.03864
2.0404
2.03131
2.20913
2.67464
4.49236
2.06507
2.06108
2.06871
2.06879
3.18686
2.83269
2.06048
2.05625
2.04835
2.04689
2.11445
3.07777
2.18093
2.12079
2.07876
2.15401
2.18333
2.16822
2.23953
2.04767
2.04785
2.0528
2.05216
2.05396
2.04777
2.04964
2.20171
2.05387
2.0295
2.04811
2.04327
2.04383
2.04239
2.04584
2.19018
2.04601
2.04405
2.04792
2.04579
2.05513
2.04351
2.04777
2.19274
2.04275
2.0371
2.03754
2.04011
2.04177
2.0366
2.0395
2.15553
2.03711
2.03657
2.03911
2.03312
2.03807
2.0394
2.03834
2.18354
2.03945
2.03534
2.03431
2.03338
2.03778
2.04141
2.03984
2.03589
2.18634
2.04051
2.81121
2.04337
2.04859
1.9262
