NVIDIA RTX A6000, Driver version: 570.144.0.0
2.77984
1.94168
1.88595
1.89537
1.91021
1.92678
1.95483
1.97198
1.99926
2.01651
2.02456
2.07885
2.07767
2.10232
2.12101
2.14778
2.25391
2.21209
2.23778
2.28186
2.31413
2.33254
2.36715
2.41058
2.44685
2.59551
2.54342
2.57305
2.63427
2.65885
2.72035
2.76457
2.84254
2.85347
2.90431
2.93978
2.97867
3.01251
3.05731
3.17007
3.13731
3.18026
3.21676
3.26886
3.29579
3.38282
3.36685
3.41991
3.45462
3.48117
3.5084
3.63599
3.55262
3.64386
3.67893
3.69023
3.76229
3.77801
3.77488
3.82992
3.84459
3.9138
3.92514
3.96936
3.63167
3.64438
3.6674
3.74614
3.70379
3.73247
3.76455
3.78038
4.14643
3.82598
3.8791
3.92134
3.967
3.97311
4.01922
4.08188
4.07529
4.05546
4.06538
4.12495
4.10089
4.12671
4.14419
4.20622
4.18769
4.21299
4.23239
4.27605
4.2692
4.28496
4.35608
4.32888
4.35623
4.38243
4.391
4.47121
4.43694
4.45328
4.47949
4.53096
4.52481
4.55245
4.5763
4.61206
4.60438
4.62345
4.63944
4.68094
4.76249
4.71833
4.73678
4.76227
4.88789
4.84291
4.82606
4.846
4.83481
4.87784
4.90518
5.49998
5.07156
4.98698
4.99563
5.02918
5.16023
5.07344
5.10534
5.12609
5.1277
5.2248
5.12783
5.16948
5.24736
5.21348
5.24843
5.24888
5.36082
5.31128
5.30229
5.31
5.47822
5.39953
5.4365
5.45833
5.45263
5.4694
5.50569
5.57649
5.53244
5.56541
5.60246
5.5677
5.61256
5.63675
5.69759
5.68222
5.69105
5.70928
5.83396
5.77036
5.78816
5.85586
5.81407
5.83339
6.03728
5.9044
5.92925
5.93778
6.01287
6.56518
6.48546
6.67603
6.24044
6.12254
6.20042
6.17667
6.20975
6.29141
6.25209
6.27881
6.30331
6.32357
6.36731
6.41588
6.51342
6.48448
6.48489
6.59308
6.53777
6.57555
6.66273
6.60852
6.63625
6.71572
6.68154
6.6986
6.77128
6.73497
6.78777
6.86031
6.78876
6.82346
6.93314
6.87707
6.90307
7.00991
6.93892
7.23238
6.98308
7.0004
7.02817
7.03527
7.05468
7.12023
7.10059
7.11745
8.71829
7.23204
7.28163
7.17226
7.11883
7.13788
7.15557
7.26241
7.62777
7.49438
7.52478
7.51838
7.50934
7.56773
7.73805
7.70246
7.72252
7.35769
7.70326
7.72454
7.70055
7.76234
7.74029
7.76391
7.94168
7.78561
7.8875
7.80454
7.91905
8.12029
7.81037
7.97551
8.65661
8.00469
8.0512
7.99157
7.83087
7.74509
7.78426
7.76257
7.79756
7.869
7.8622
8.17808
8.17082
8.22057
8.32609
8.28457
8.3329
8.30607
8.33056
8.45957
8.40985
8.47843
8.46274
8.50162
8.5144
8.5219
8.60112
8.52896
8.6025
8.60751
8.65973
8.63625
8.65489
8.75622
8.72397
8.77335
8.74773
8.81085
8.81517
8.80438
8.93143
8.86545
8.97046
8.93734
9.33435
8.98872
9.04458
8.98559
9.11203
9.073
9.06873
9.17647
9.15815
9.11245
9.1436
9.21685
9.22673
9.18318
9.35305
9.30134
9.26441
9.34761
9.42799
9.41377
9.36801
9.45637
9.44208
9.48022
9.46548
9.42509
9.44532
9.49902
9.64556
9.54747
9.56498
9.56226
9.65883
9.67474
9.71134
9.90853
9.72863
9.69957
9.79175
9.73685
9.79027
9.78237
9.83055
9.87981
9.8886
9.86367
9.93358
9.92072
10.0219
10.0097
10.0617
10.0012
10.0665
10.0794
10.0914
10.1046
10.1717
10.1556
10.2038
10.2118
10.2618
10.2615
10.7041
10.3886
10.3823
10.3514
10.4308
10.419
10.4034
10.5073
10.5416
10.475
10.4965
10.6105
10.5913
10.5981
10.5984
10.609
10.68
10.7002
10.6763
10.6787
10.7419
10.8223
10.796
10.8112
10.7736
10.8349
10.8188
10.9086
10.853
10.9565
10.9089
10.9168
10.9734
10.9674
11.0538
11.0017
11.0733
11.0587
11.1251
11.1034
11.2379
11.1057
11.1489
11.1945
11.2069
11.2695
11.2625
11.3475
11.3006
11.3983
11.3352
11.3822
11.4497
11.437
11.4956
11.962
11.6195
11.6302
11.5869
11.6354
11.6324
11.6413
11.6413
11.7438
11.7779
11.8133
12.1026
11.8038
11.83
11.8184
11.8404
11.8603
11.9834
12.0025
12.3772
12.546
12.2453
12.2625
12.2703
12.2609
12.2357
12.3206
12.2632
12.2669
12.362
12.319
12.3507
12.3774
12.3718
12.4595
12.4139
12.4919
12.483
12.4787
12.5544
12.5474
12.5107
12.5962
12.5681
12.6744
12.6201
12.644
12.7273
12.6715
13.9596
12.495
12.5573
12.5226
12.5179
12.5047
12.5322
12.5172
12.548
12.6259
12.5846
12.6179
12.5995
12.6377
12.6247
12.6413
12.6756
12.7442
12.7651
12.7723
12.7924
12.8051
12.912
12.9364
13.0425
13.0365
13
13.1039
13.1635
13.118
13.1373
13.2427
13.2069
13.1986
13.2869
13.2258
13.2544
13.3238
13.3123
13.3072
13.4147
13.3633
13.7063
13.4419
13.4355
13.4521
13.9159
13.8842
13.8491
13.7199
13.5834
13.5864
13.6176
13.6148
13.6358
13.6884
13.7053
13.721
13.7703
13.7424
13.806
13.8287
13.8541
13.8886
13.8782
13.9556
13.9171
13.9678
14.0964
13.9805
13.8734
13.7983
13.8161
13.8475
13.8442
13.9086
13.9823
13.9641
13.9063
14.0238
13.9859
14.0152
14.1303
14.0521
14.0589
14.1613
14.1533
14.1313
14.1582
14.25
16.9808
15.1098
14.8017
14.8361
14.899
14.9889
14.9503
14.9775
14.944
14.9267
14.9867
15.1423
15.4878
15.0985
15.0944
15.0644
15.0382
15.0001
15.0782
15.0801
15.1568
15.1481
15.5285
15.206
15.1656
15.2032
15.2308
15.2846
15.3056
15.4345
15.4204
15.4202
15.4181
15.4625
15.5263
15.5313
15.518
16.0224
15.6224
15.999
16.102
15.9707
15.6186
15.6021
15.6444
15.6439
15.8078
15.6887
15.6707
15.7196
15.7708
15.7976
15.7615
15.8062
15.8418
15.8707
15.9259
16.0053
15.9076
15.9734
15.986
16.0318
16.0808
16.0277
16.033
16.0703
16.1312
16.0881
16.2128
16.213
16.187
16.2218
16.3646
16.4035
16.4095
16.5237
16.5448
17.332
17.1763
16.6893
16.6947
16.7488
16.7415
16.7146
16.7509
17.1601
16.8251
16.777
16.8173
16.8501
16.891
16.8771
16.9197
16.9861
16.9353
17.01
17.0257
17.0735
17.0699
17.1072
17.1284
17.1054
17.135
17.1598
17.1628
17.1748
17.1502
17.2903
17.3716
17.4998
17.4815
17.5834
18.1948
17.8619
17.4595
17.5088
17.5275
17.5416
17.5553
17.5609
17.6309
17.6104
17.6817
17.882
17.78
17.7133
17.7896
18.249
17.8583
17.8492
17.8456
17.8406
17.874
17.9532
17.9638
17.958
18.2434
18.0604
18.0442
18.0941
18.1177
18.0855
18.0949
18.8754
17.6448
18.0217
18.2245
18.1603
17.8213
17.7893
17.7549
17.7494
17.84
17.8002
17.8262
17.8754
17.8681
17.9595
17.9959
17.9369
18.0058
18.0385
18.0376
18.0821
18.0925
18.0938
18.1263
18.154
18.1475
18.231
18.1663
18.2167
18.2782
18.2891
18.3199
18.2395
18.3604
18.3717
18.3865
19.2007
18.9355
18.6225
18.4792
18.5336
18.5697
18.5343
18.5729
18.6442
18.6263
18.7087
18.6975
18.6834
18.7278
18.7557
18.7692
18.8148
18.7996
18.8424
19.2474
18.8424
18.9139
18.9797
18.9597
18.9351
18.9426
18.9948
19.011
19.0596
19.0075
19.0218
19.0423
20.459
19.6184
19.2695
19.1603
19.1617
19.8565
19.5898
19.6574
19.6583
19.7488
19.7785
19.7938
19.8431
19.8448
19.88
19.8909
19.9677
19.9736
20.0068
20.0048
20.1031
20.0683
20.1811
20.1405
20.2002
20.2086
20.344
20.2699
20.3896
20.3336
21.1161
20.9295
20.4833
20.476
20.5757
20.7004
20.5736
21.0872
20.6363
20.733
20.7222
20.769
20.7672
20.7862
20.8267
20.8567
20.8997
20.883
20.9727
21.0389
21.0673
21.055
21.0703
21.1424
21.2001
21.2001
21.2352
21.229
21.5602
21.923
21.8821
21.3576
21.5717
21.3986
21.4898
21.5079
21.4465
21.5534
21.5705
21.2951
21.2544
21.4878
21.6649
21.362
21.5684
21.4628
21.3819
21.4444
21.4993
21.4705
21.5451
21.5572
21.6482
21.7787
22.1704
21.6707
22.1506
22.2142
21.8689
21.9619
21.7169
21.8289
21.8052
21.7899
21.9357
21.9158
21.962
21.9515
21.9432
22.0378
22.0153
22.0051
22.0873
22.0877
22.0746
22.1257
22.174
22.1555
22.1881
22.1959
22.2165
22.278
22.3021
22.2348
23.0051
22.9517
22.9427
22.621
22.626
22.666
22.6991
22.757
22.7562
22.8172
22.8513
22.8827
22.8756
22.914
23.1207
23.8162
22.7009
22.7148
22.89
23.8021
23.3679
23.5574
23.0841
22.7769
22.7137
22.724
22.7276
22.8007
22.808
22.7223
22.7476
22.8498
22.7977
22.8704
23.2042
22.9636
22.9556
23.0114
22.908
22.9893
22.969
23.0063
23.0189
23.0768
23.7733
23.6676
23.2321
23.1045
23.2052
23.2121
23.2001
23.2316
23.289
23.6498
23.7754
23.4555
23.8406
23.6749
23.4686
23.9008
23.4766
23.645
23.5578
23.5655
23.5131
23.5435
23.5538
23.6625
23.6211
23.7621
26.269
25.0602
24.8634
24.9404
24.9808
25.0243
24.9447
25.1105
25.2162
24.8024
24.8625
24.6232
24.6969
24.8759
24.8734
25.0015
24.9172
24.9607
24.9989
25.0281
25.0192
25.0407
25.0626
25.6622
25.9215
24.5917
24.7712
24.902
24.9985
24.9712
26.6956
25.7329
25.6572
25.6613
25.7589
25.4824
25.9899
25.8053
25.632
25.5161
25.5045
25.5685
25.5832
25.5828
25.5493
25.6466
25.9041
26.6443
26.3438
25.3088
25.0924
25.0876
25.4136
25.3427
25.1025
25.4747
25.3142
25.1723
25.1619
25.2774
25.2228
25.2859
25.2457
25.2815
25.2826
25.3664
25.3701
25.3736
25.3876
29.3713
25.5555
26.1677
25.8869
25.509
25.5119
25.5281
25.5642
25.5763
25.6091
25.5985
25.6245
25.6333
25.7168
25.6651
25.7367
25.8087
25.8174
25.7722
25.7999
25.8537
25.9418
25.8151
25.9047
25.9126
28.0734
26.892
26.9291
26.1574
26.1919
26.363
26.6143
26.1546
26.1627
26.1693
26.1981
26.2441
26.5346
26.2625
26.6683
26.3497
26.2715
26.3677
26.3733
26.3863
26.42
26.4181
26.4937
27.6771
26.7868
26.7156
26.7862
26.8201
26.8428
26.8275
27.2073
26.8862
26.9294
26.9701
26.907
26.9665
27.0073
26.9692
27.0758
27.0164
27.0579
27.1326
27.1069
27.3494
27.1983
28.0886
27.4275
27.4617
27.0671
27.0121
27.0567
27.5059
27.1836
27.1289
27.1038
27.1936
27.1532
27.2118
27.221
27.2367
27.2636
27.2362
27.2584
27.3764
27.2982
27.3848
27.4127
27.9907
27.8234
27.4221
27.5175
27.5232
27.7279
27.5281
27.5697
27.5631
27.541
27.6632
27.6361
27.6705
27.9764
27.7591
27.7387
27.7727
27.8357
27.7992
27.8447
27.8795
28.9337
28.3052
28.4406
27.9595
28.0431
28.0231
28.0168
28.0908
28.0922
28.0451
28.1241
28.1866
28.1055
28.1538
28.2249
28.1874
28.2964
28.1864
28.2673
28.2962
28.2955
28.3372
29.0688
28.8735
28.3416
28.952
28.4853
28.4828
28.4757
28.5011
28.7519
28.5741
28.5425
28.6208
28.5857
29.0751
28.6862
29.1112
29.0936
29.1393
28.8576
28.7142
28.9129
29.8076
29.2921
29.1618
29.301
29.5498
29.7762
29.3085
29.5806
29.5671
29.0628
29.0297
29.3842
29.0982
29.322
29.1195
29.5146
29.2884
29.5373
29.7815
29.2599
31.6638
30.0284
29.5829
29.625
29.6415
29.6468
29.9301
29.4391
29.4104
29.4247
29.4676
29.4544
29.4863
29.547
29.5753
29.5694
29.5813
29.6043
29.6263
29.6879
30.2374
30.5894
30.0334
30.0159
30.0779
30.0866
30.0389
30.1111
30.1411
30.1327
30.2176
30.1894
30.229
30.2025
30.0462
30.0795
30.0899
30.09
30.0858
30.0976
31.5084
34.5262
31.706
31.3613
31.4651
31.3892
31.4658
31.5256
31.4418
31.358
31.3689
31.3756
31.4708
31.4129
31.3832
31.3972
31.5618
31.4859
31.727
32.5431
32.1027
31.6051
31.7003
31.6573
31.6313
31.7178
31.7686
31.6855
31.7561
31.7554
31.779
32.2703
31.8043
31.8059
31.8735
31.9538
31.9065
31.9231
33.1069
32.565
32.0715
32.0448
32.8135
32.071
32.1176
32.1538
32.129
32.1985
32.373
32.209
32.2792
32.2275
32.3374
32.353
32.8252
32.3865
33.4466
32.2742
31.6401
31.7271
31.6294
31.7128
31.6811
32.0405
31.7793
31.6255
31.6863
31.7255
31.7682
31.6792
31.7367
31.738
31.7717
31.7965
31.8339
32.4902
32.3145
31.9143
31.9338
31.9346
32.1302
31.9747
32.0333
32.1024
32.0992
32.0316
32.124
32.085
32.1695
32.4649
32.1961
32.2793
32.2289
32.2458
36.6478
32.7579
32.3217
32.5855
32.3675
32.3433
32.4214
32.3958
32.4256
32.4486
32.4774
32.5052
32.5509
32.5232
32.6057
32.6397
32.6494
32.6496
33.4532
32.9228
33.0182
32.7079
32.7574
32.793
32.7697
32.8102
32.8233
32.873
32.8616
32.942
32.9828
36.9575
33.0076
33.0101
33.0586
33.0515
33.4568
33.708
33.4052
33.2092
33.1886
33.2022
33.2372
33.1874
33.2748
33.3222
33.2772
33.5169
33.3357
33.5203
33.878
33.7101
33.536
34.118
34.0634
34.0905
33.9235
33.5328
33.6528
33.5622
33.6302
34.0261
33.6104
33.6763
33.7425
33.7224
33.7632
33.7438
33.8009
33.7902
33.8228
33.9042
34.8353
33.9753
33.8897
33.9008
33.9281
34.0157
34.0125
34.071
34.04
34.185
34.0966
34.1065
34.1465
34.1358
34.2135
34.1901
34.2028
34.2603
35.4579
34.6245
34.4148
34.3288
34.386
34.4009
34.4094
34.4297
34.5012
34.4269
34.5044
34.5231
34.5464
34.5129
34.6308
34.5277
34.556
35.6567
35.3239
34.7699
35.4678
34.8383
34.9885
34.909
34.8936
34.9487
34.9072
34.9646
34.9636
35.5168
35.0597
35.0428
35.0964
35.0276
36.3973
35.73
35.1455
35.203
35.1767
35.267
35.2804
35.2398
35.342
35.4256
35.3816
35.3088
35.39
35.3618
35.4542
35.445
35.4366
36.2222
36.1367
35.4927
35.5981
35.557
35.5927
36.157
35.6082
35.6782
35.6588
35.6686
35.7399
35.7739
35.7703
35.7934
35.8334
35.8121
36.7185
36.4807
35.8578
36.1573
35.927
35.9462
36.0014
36.0281
36.073
36.043
36.0679
36.0727
36.1226
36.1819
36.1732
36.1993
36.7882
37.6668
36.2749
36.2583
36.2618
36.3213
36.2882
36.3452
36.7166
36.7064
36.7618
36.6918
36.7386
36.7114
36.8652
37.5597
37.8945
37.7584
37.3509
37.2792
37.6433
37.336
37.2815
37.5486
37.6244
36.7031
38.4368
42.7555
219.242
38.1949
36.7468
36.4739
36.5042
36.5068
36.8968
36.5126
36.6331
36.7236
36.6222
36.6349
36.8224
36.744
37.2577
37.4358
37.0813
36.7937
36.9254
36.8916
36.8574
36.8496
37.6127
37.0631
37.0268
36.9999
36.9884
37.096
37.0151
37.0779
37.0486
37.9051
37.379
37.1454
37.3881
37.2351
37.1932
37.2472
37.2947
37.2776
37.353
37.4012
37.5873
37.634
37.6211
37.703
37.7247
38.5737
38.1895
38.1645
37.7884
37.8652
38.3093
37.8335
37.8837
37.8979
37.963
37.9896
37.9659
37.9924
37.9899
38.0404
38.2295
39.3024
38.0971
38.1394
38.3616
39.5365
38.6699
38.2495
38.1927
38.1913
38.2585
38.2232
38.2557
40.3401
50.9935
220.384
38.9707
38.7562
38.7485
38.3095
38.3869
38.3667
38.2746
38.3561
38.353
38.7252
39.1287
38.6572
38.4002
38.4595
38.4738
38.5037
38.5227
38.5652
38.9461
38.652
38.6543
38.6671
38.6133
38.6447
38.9823
39.7466
39.0498
39.0551
38.7652
38.7753
38.8339
39.5332
39.0675
38.8732
39.0129
38.9209
39.431
39.2661
39.1424
39.2377
39.6312
40.0708
39.5411
39.3356
39.7597
39.3676
39.3552
39.3947
39.3676
39.4331
39.4445
39.4471
39.5386
39.4856
39.486
39.6765
40.5472
39.9223
40.0107
39.6034
39.7032
39.7115
39.6295
39.7216
39.7658
39.8021
39.7871
39.8343
39.9181
40.1624
39.8847
40.9292
40.4001
39.9377
39.9599
39.9726
39.9869
40.0287
40.0324
40.0148
40.1327
40.2914
40.1389
40.096
40.1731
40.1949
41.1482
40.7568
40.2662
40.246
40.3679
40.3195
40.3665
40.4196
41.0702
40.3958
40.2989
40.2979
40.3816
40.29
40.7612
41.3128
40.7542
40.3913
40.4165
40.423
40.8002
40.5425
40.5087
40.5073
40.7107
40.6958
40.622
40.6091
40.6319
41.2033
41.5559
41.0299
40.682
41.1917
41.0962
40.7814
40.7582
40.8376
40.7805
40.8445
40.9061
40.9135
40.8908
40.9364
41.9597
41.9354
41.1751
41.3403
41.275
41.278
41.3068
41.251
41.3054
41.3257
41.3439
41.4282
41.4161
41.8081
42.1259
42.3282
41.9602
41.541
41.5952
41.6242
41.8996
41.6606
41.6533
41.6798
41.7233
41.715
41.7063
43.0299
42.772
42.2384
41.8987
41.8155
41.8708
41.8675
41.8917
41.9677
41.9773
42.4967
42.0409
42.3814
42.0488
43.0323
42.8103
42.1159
42.1578
42.232
42.2039
42.2138
42.4488
43.057
42.3249
42.3337
42.3751
42.7371
42.646
43.2653
42.9957
42.4277
42.4696
42.4705
42.4894
42.8672
42.5622
42.5582
42.5863
42.6168
42.6257
42.6524
42.6903
43.3796
43.6416
43.1107
42.7668
42.7902
42.8362
43.1954
42.9317
42.8451
42.8991
42.9432
42.9439
42.9382
42.9315
43.7548
44.3473
43.4422
43.4817
43.4949
43.4727
43.5243
43.5137
43.5474
43.5817
43.5629
43.6264
43.8289
43.6577
44.5024
43.8565
43.3808
43.3581
45.442
58.7074
225.801
44.1556
44.4063
44.2093
44.1459
43.9921
43.8024
44.3811
44.6639
44.0166
43.901
43.9176
44.0164
44.0701
44.0438
44.1923
44.0373
44.0565
44.0926
44.0672
44.0876
45.5017
45.0514
44.2324
44.2476
44.2261
44.2835
44.6257
44.3352
44.3415
44.3947
44.4053
44.7451
44.4672
45.2066
45.3901
44.7686
45.1453
44.9976
44.9842
44.405
44.5187
44.4938
44.498
44.7194
45.0767
44.6247
44.7115
45.8509
45.1315
44.662
44.9717
44.7248
44.7373
44.7522
44.808
44.8513
45.118
44.9611
45.0759
44.8538
45.953
45.6264
45.0255
45.06
45.0555
45.0527
45.5499
45.1283
45.1665
45.1839
45.2044
45.2384
45.1978
45.8511
46.1855
45.6386
45.5409
45.2965
45.6668
45.3247
45.4025
45.3966
45.3379
45.5497
45.5404
45.506
45.6584
47.0147
46.2069
45.6615
45.671
45.6925
46.5639
45.9295
45.6109
45.6503
45.669
45.6933
45.6096
45.6078
46.9834
46.4422
45.7698
45.776
45.8331
45.8826
45.9283
45.9821
45.9076
45.9355
46.3658
46.1113
46.0277
47.3587
46.5846
46.111
46.0636
46.1069
46.1778
46.1256
46.4195
46.3162
46.2416
46.2857
46.2618
46.4179
47.9282
47.131
46.5602
46.8872
46.6199
46.6669
47.15
46.725
46.7661
46.7291
46.7502
46.8739
47.3364
47.9977
47.2596
46.8905
46.8684
46.9144
47.1744
47.1135
47.0599
47.061
47.116
47.1478
47.2047
48.4565
48.2385
47.8566
47.2439
47.34
47.3173
47.595
47.4604
47.4359
47.4489
47.468
47.4355
47.7285
49.0108
48.1285
47.5663
47.596
47.6606
47.6291
47.6824
47.7395
47.7204
47.7207
50.6049
49.5278
51.0485
48.7256
48.3315
48.5608
48.0074
48.0072
48.0578
48.1594
48.1753
48.1321
48.1657
48.2397
48.1975
53.3139
48.7831
48.3402
48.3949
48.3556
48.3787
48.9074
48.4954
48.5354
48.4849
48.6063
48.6782
50.1956
49.3615
48.6092
48.9267
48.6848
48.6811
48.7651
48.7323
48.7699
48.7803
48.9082
48.9188
50.3503
49.6447
49.5245
49.0622
49.0974
49.4666
49.3508
50.2065
49.2562
49.2327
49.2739
49.6761
49.7418
50.5716
49.7649
49.3374
49.414
49.3826
49.3874
49.4524
49.4623
49.4327
49.9858
49.5657
50.2356
50.7443
50.1109
49.7372
49.6521
49.6309
49.6975
49.9365
49.8459
50.1616
49.7427
51.7203
51.4535
50.6488
49.9052
49.8961
49.8736
49.8869
49.9844
50.4651
49.9945
49.9799
50.0117
50.0773
51.2828
51.4462
52.9746
52.2006
52.2122
52.1886
52.1599
51.8359
51.9207
51.8798
51.9132
52.2053
53.2858
51.3191
51.1496
50.738
50.7715
50.6329
50.688
50.7486
50.8717
50.6877
50.8613
50.7015
52.4621
51.543
50.8015
50.8125
50.9979
51.088
51.0721
51.1215
51.1209
51.1895
51.6036
52.1511
52.4856
51.807
51.375
51.3061
51.3577
53.0611
51.3358
51.3112
51.4343
51.4036
51.3611
53.246
51.9772
51.4945
51.3798
51.546
51.5062
52.0347
51.5145
51.5729
51.5554
51.6572
51.985
53.3942
52.2791
51.8326
52.1367
51.8982
52.0868
52.0059
51.9765
52.0399
52.053
52.0603
53.9825
53.0307
52.3359
52.7792
52.3532
52.3487
52.4948
52.4527
52.417
52.4258
52.5329
54.8737
54.9813
52.7443
52.4567
52.4967
52.5092
52.5073
53.0972
52.6335
52.5729
52.6902
53.1466
54.788
53.4346
52.9291
52.9676
53.0421
53.138
53.3181
53.1486
53.0525
53.1526
53.5385
57.8947
53.969
53.3081
53.2306
53.339
53.6271
53.8143
53.3446
53.4078
53.3803
53.4842
55.4132
54.3991
53.7806
54.3166
53.6878
53.7984
53.7456
53.7583
53.7943
53.8175
53.8612
55.4589
54.5829
53.9897
54.3964
53.9636
54.1272
54.2854
54.1593
54.2277
54.3413
54.5545
55.5065
55.8659
54.8468
54.3653
54.3848
54.393
54.5246
54.4111
54.4928
54.7273
55.2246
55.4871
59.5663
55.0781
54.8139
54.7954
54.9387
54.8561
54.8437
54.9819
54.9988
55.0003
57.2528
55.71
55.1779
55.3463
55.3633
55.391
57.0952
57.3765
55.3761
55.5578
55.4927
57.9077
56.393
56.0557
55.8461
55.9924
58.4659
56.2256
56.2064
56.2364
56.1982
56.8484
57.8579
56.7471
56.8352
56.3355
56.3194
56.4266
56.278
56.3331
56.3801
56.4051
58.7374
57.4155
56.6209
56.542
57.4739
56.7791
56.7669
56.7756
56.7207
56.9068
57.2248
59.4076
56.9476
56.8231
56.7294
56.9104
56.9813
57.2823
56.9769
56.9884
57.0648
59.4615
57.9516
57.1096
57.0997
57.188
57.4199
57.8548
57.4187
57.4947
57.4017
58.1125
63.2951
60.8303
62.0515
60.0346
58.6369
64.5892
64.7078
59.3459
58.8945
61.1695
65.1416
73.7919
91.1136
79.1125
73.1889
72.3537
76.2903
62.9037
66.6433
72.1934
84.277
95.9003
89.9008
76.9885
69.3559
70.68
119.197
64.4817
66.5805
103.704
87.1499
173.447
324.342
64.5023
166.638
62.3119
59.8075
60.6718
61.9871
60.1933
59.5983
63.6236
60.4218
133.411
100.52
113.917
82.4336
66.26
61.0804
67.2693
63.1294
62.4615
58.8795
63.1349
69.11
62.8039
62.4145
69.3041
60.4845
58.3365
91.7854
83.7748
61.8788
63.4645
63.2431
77.3914
66.6403
65.0663
62.8748
63.0818
68.9457
64.6676
64.3522
64.3997
65.4967
69.9809
66.0706
70.4148
64.523
66.4576
71.3385
65.8264
64.3644
70.4518
67.1535
67.5846
63.3209
69.6183
78.2982
68.0271
63.6033
64.6623
68.7812
66.8415
68.0557
69.604
69.3558
69.4282
69.478
66.9238
66.8737
79.6074
70.4792
68.3766
63.8546
68.8707
72.3432
68.0739
68.9108
67.5145
70.033
83.7118
78.7937
68.5361
67.083
65.5375
65.984
130.689
66.4173
79.3128
95.025
128.266
137.142
63.1692
65.5807
64.6993
126.919
113.29
114.802
74.7147
86.9209
100.066
79.2485
232.451
97.7454
81.2966
113.28
71.1958
77.9092
65.3959
104.181
104.825
74.5347
74.5238
119.123
79.8373
83.3759
84.3296
87.7293
67.2565
79.9103
63.8639
73.9373
92.6394
67.0311
70.0911
67.5967
76.066
66.8017
67.497
68.099
68.3768
90.6707
68.1941
81.1255
75.1304
75.8507
106.691
74.5909
83.8423
144.566
84.8509
68.1742
82.4275
71.3815
70.8103
67.2053
64.7382
67.0692
72.5356
67.5551
70.3724
67.7934
67.9953
68.2138
67.3368
67.4296
70.8761
73.1516
78.5198
78.1876
74.1444
72.0831
73.7219
75.1873
71.3641
65.9865
71.498
68.6304
70.6501
77.4427
74.7682
75.9174
71.8806
73.9353
74.8655
103.353
74.6807
68.5755
68.575
102.725
102.44
74.643
80.1431
75.4554
148.982
215.755
161.965
80.6726
183.836
199.108
170.452
170.28
84.708
89.9375
85.4312
112.341
122.245
70.1377
70.2007
79.0143
78.1239
72.9544
73.4668
71.064
71.7621
76.9153
74.8828
69.1726
68.098
68.1597
84.3936
77.9072
66.8793
66.3171
66.2312
69.8863
68.747
66.4935
66.6794
66.3077
66.4391
66.6527
72.4098
70.2284
70.7072
79.3332
81.5314
69.5599
73.8438
90.6899
76.0236
74.6425
77.4428
78.495
73.6501
76.5728
74.387
72.1148
76.7419
67.2711
66.8923
66.6142
67.343
69.9728
67.0469
74.3063
71.1259
74.6277
71.1665
71.5503
73.1522
71.1705
71.3052
69.0474
86.9073
67.6587
68.0712
69.1364
70.1515
67.9316
67.5199
68.0818
67.818
67.7874
68.1161
69.4625
69.2191
67.7135
69.618
67.94
67.8817
68.9117
68.0673
68.0153
68.0787
68.2493
67.9176
68.0867
68.3855
68.3289
68.3594
68.4049
68.6051
100.962
69.8954
69.4407
68.9374
68.9621
70.4413
69.8024
69.3692
68.9671
121.792
76.4341
74.5718
76.9765
78.578
74.4993
81.8471
77.7132
76.8126
76.6371
77.0352
76.4572
76.5584
87.1064
76.6116
76.3346
78.2241
76.1258
76.817
76.7329
76.6044
77.2378
77.6733
77.1305
78.0799
72.1993
72.4616
77.9706
78.3195
77.2408
76.7366
77.203
77.146
77.5284
76.594
77.7577
77.6454
77.1859
77.0934
77.6728
77.2251
77.4859
78.8012
78.8439
92.9644
78.1541
77.72
78.3768
78.2555
78.9536
78.6838
78.8944
78.7143
78.6598
78.228
79.4348
78.8563
79.0315
79.9086
78.4879
78.8036
79.6122
80.1083
79.5679
79.9798
80.608
80.5755
80.5038
81.2598
80.7092
80.5814
85.6111
97.9596
81.0722
82.056
81.3855
82.8774
85.8108
83.4361
83.6815
84.2704
84.2871
84.9276
85.3817
84.6547
84.9638
84.3279
84.8389
85.7729
82.9543
84.5336
84.4028
85.1471
84.7999
100.823
90.1598
84.7865
85.4117
84.4953
80.3523
85.2972
83.7864
83.8591
84.0942
84.4873
85.7248
86.3954
86.0963
86.7139
86.5951
86.2254
86.934
86.5979
86.4657
87.0826
86.3326
85.6555
87.1201
86.4034
87.1223
87.3083
88.3671
87.2468
87.6625
87.7485
87.0199
87.3095
88.0776
88.4557
88.8033
88.4385
88.9134
88.0312
88.6467
89.8539
88.927
88.2248
88.6389
88.5007
88.9212
90.805
89.3643
86.4832
79.3561
85.1235
82.9808
91.3541
90.9327
92.3025
90.8359
90.8078
89.9896
92.0654
91.1227
91.25
91.1551
91.5169
90.3553
90.4757
91.0349
94.61
90.5336
91.0488
90.7057
90.4563
91.8987
92.9472
88.9161
81.6807
90.7623
92.9616
94.3798
94.8896
104.047
140.077
119.193
98.7159
91.6933
93.1495
91.1415
92.0347
89.375
88.5973
83.8344
93.2666
92.0669
91.877
104.462
97.8682
90.5404
91.3362
93.9954
91.7621
93.4974
93.6232
93.074
93.1006
92.8974
93.1821
92.8385
93.2527
92.2295
91.8952
92.5921
92.1898
95.2912
96.4411
95.5311
96.1575
95.4978
95.6546
94.9621
94.3263
94.4889
95.6892
96.7095
96.048
96.6981
96.1019
95.9108
95.6568
94.9684
96.1303
100.787
95.1589
97.3769
99.2497
98.4075
96.8173
97.3227
96.9436
97.4175
98.0224
98.3542
98.6704
98.4385
98.8962
97.8851
100.619
95.8835
97.2735
96.235
97.0158
97.0531
95.9841
96.2874
96.3716
97.266
97.8244
96.611
91.2279
101.609
96.0011
97.2805
103.295
97.7194
98.0848
104.207
100.89
99.3108
99.5014
107.722
96.977
103.796
118.013
129.348
93.3838
87.3071
85.6122
86.5223
85.7112
85.3401
85.2238
85.2327
85.4227
88.5367
85.5353
85.9494
85.9262
85.5687
85.6152
86.5111
86.0664
85.789
85.6811
85.7862
86.3818
96.8566
86.9203
87.1952
87.0595
87.0606
87.0953
87.0236
86.9463
90.5173
87.089
87.4959
88.0252
87.4603
87.8528
88.5771
87.5275
87.5756
87.7472
87.7784
87.7168
88.2852
87.6947
88.0056
88.1635
88.2412
90.7513
90.6933
88.5221
88.5018
112.752
103.573
123.505
96.0108
98.5697
95.5469
92.5481
93.9672
102.757
91.0981
88.3039
87.2192
88.2024
88.1182
94.4382
90.759
90.8755
88.3397
89.3069
91.1593
90.8046
94.8627
91.6477
87.5381
87.6443
102.86
99.7661
93.5079
92.4051
114.643
93.2631
96.7235
92.4602
92.2108
92.2582
92.5298
92.0955
98.1657
92.9438
89.0597
89.5855
88.8526
98.3278
100.031
95.1574
92.9868
92.8103
92.5201
92.7294
92.633
105.733
96.3227
95.4091
94.6198
94.748
95.0374
96.7612
96.7888
94.8112
95.8639
96.1688
96.9662
98.2225
96.5952
96.367
96.3896
96.1676
96.598
98.7911
96.4553
95.1105
97.4986
95.129
90.3433
90.4708
93.0358
91.3423
90.642
90.8802
90.709
91.289
92.1736
95.8949
92.7243
91.4728
91.3434
91.7058
91.3751
94.1516
105.15
91.6372
91.6538
94.1095
100.463
96.4142
113.004
95.9295
93.2273
99.1262
94.0746
95.614
98.4652
98.0439
98.5738
97.8934
97.7504
103.438
95.2827
94.2164
94.4904
94.6027
93.9135
93.9044
96.6
94.4045
93.98
94.3473
97.3593
94.3738
96.4348
94.778
94.7076
96.9574
94.1802
100.624
97.3476
96.4222
95.0205
94.968
96.5502
98.2098
95.7791
96.6803
96.043
100.987
100.62
100.125
100.559
101.715
100.856
100.473
100.327
100.856
100.671
101.366
102.131
103.491
101.713
100.797
102.676
102.657
101.169
101.797
100.9
102.249
105.807
102.543
102.416
102.328
102.295
102.347
106.605
103.363
102.594
103.576
103.496
97.1481
99.2955
97.8795
102.59
103.17
103.852
103.685
106.322
104.146
104.209
103.5
103.715
103.614
108.628
104.489
104.855
104.008
105.238
108.608
105.244
104.852
106.254
170.615
133.897
130.27
106.536
104.807
107.354
105.998
123.616
107.611
157.468
148.682
133.971
124.257
134.686
130.569
121.816
116.067
103.009
107.539
107.153
116.762
133.503
129.365
130.86
128.255
123.708
170.799
140.745
122.52
120.553
108.844
107.21
133.596
117.995
202.539
189.011
155.841
221.579
261.912
321.899
298.538
160.603
185.435
144.318
164.711
130.621
134.268
140.603
110.983
121.131
117.373
146.408
168.988
118.443
106.586
112.742
111.101
111.114
111.35
109.497
104.812
105.028
104.652
105.372
105.251
110.08
131.795
118.609
112.528
113.128
112.525
119.859
112.29
106.78
104.875
105.262
111.095
112.963
113.098
153.978
107.791
105.865
105.971
105.665
105.83
138.656
164.522
136.019
119.988
114.985
114.484
114.24
113.816
111.123
113.781
141.59
176.296
158.24
149.7
137.064
139.017
124.894
121.776
123.22
132.733
131.067
143.922
131.361
128.846
118.343
117.248
116.645
115.791
116.046
115.734
149.957
119.45
111.166
109.055
118.057
118.52
116.71
110.463
109.045
109.764
109.261
108.815
118.159
109.816
109.499
116.072
117.715
118.143
118.157
118.399
118.342
127.5
186.982
179.181
157.827
127.785
152.021
132.896
134.227
165.283
138.958
135.501
120.384
138.016
200.546
140.619
152.808
132.216
124.706
117.98
111.683
111.764
119.822
122.126
132.644
122.383
121.206
121.392
121.493
131.921
128.217
126.763
144.783
143.331
169.41
144.695
137.463
119.986
134.501
125.152
124.008
116.052
116.827
123.304
115.413
115.699
115.212
121.026
137.427
128.32
133.63
133.843
133.983
123.803
128.576
134.103
121.138
115.851
123.081
126.401
125.618
126.34
136.067
127.373
129.001
127.607
127.431
145.126
151.549
143.718
132.746
148.106
128.971
128.57
117.634
117.106
131.218
192.906
161.028
142.454
132.422
120.1
121.727
119.508
119.848
119.741
120.344
119.603
120.386
119.809
120.679
120.461
124.32
121.031
120.866
120.44
121.068
120.405
120.418
120.488
125.638
132.869
121.101
121.409
141.049
132.131
128.293
130.826
137.674
128.819
123.485
122.204
121.7
144.486
187.49
173.746
143.809
165.894
155.389
140.079
135.32
171.399
188.855
217.229
187.265
201.46
170.274
160.395
128.915
258.308
174.424
213.782
183.126
142.637
125.385
135.975
125.387
152.04
182.068
223.75
192.141
165.048
231.281
153.422
174.458
145.789
123.684
122.194
122.843
122.127
133.335
168.039
157.004
212.581
144.623
142.516
132.626
124.209
139.626
138.762
170.119
186.389
152.817
138.834
135.031
163.445
176.921
140.244
151.472
171.111
152.199
139.234
145.105
126.901
126.395
127.826
126.679
125.704
126.116
127.05
157.427
156.683
151.703
157.997
167.82
176.429
157.124
137.351
155.741
138.682
155.536
140.647
129.441
170.348
151.524
165.905
159.675
129.035
128.317
134.296
129.446
128.39
128.526
128.253
129.761
129.31
132.232
129.734
129.588
129.527
129.411
128.972
129.352
130.014
129.634
130.943
130.053
129.712
130.091
130.36
134.371
135.534
142.198
131.086
131.246
130.446
130.289
130.967
130.906
131.763
133.048
132.638
132.604
132.222
131.991
132.215
132.173
132.903
132.756
132.328
156.211
139.21
138.057
146.766
136.733
134.052
137.306
146.476
136.534
134.1
133.997
135.782
134.927
135.537
134.099
135.122
135.906
134.482
134.308
135.203
135.115
134.469
137.457
135.372
135.255
135.289
135.51
135.73
135.92
161.553
167.025
166.803
166.404
212.775
174.142
179.588
263.451
185.536
178.708
152.062
138.307
211.898
246.014
188.138
181.345
146.032
144.918
156.433
147.205
139.87
140.147
157.216
181.692
159.385
182.059
148.726
185.775
176.553
167.812
185.047
172.056
173.635
160.436
142.132
160.505
177.654
182.714
173.773
193.073
171.16
172.052
163.059
141.491
141.112
148.959
141.963
141.242
141.877
157.263
149.227
143.74
147.816
149.349
142.514
141.946
156.384
183.971
188.231
177.214
182.717
155.911
143.691
142.28
199.439
216.008
255.822
196.658
165.827
219.421
214.685
176.32
207.157
168.623
228.344
237.432
197.573
190.103
177.711
153.583
211.674
166.394
149.41
225.133
191.541
188.902
150.741
146.641
222.13
180.043
147.058
201.043
187.948
158.918
156.264
148.042
149.536
148.485
156.2
148.651
165.356
160.229
162.878
155.396
188.562
216.025
201.566
214.096
196.421
190.624
198.559
198.291
200.034
195.591
182.232
176.822
222.262
177.36
167.498
184.733
206.232
215.076
198.027
195.334
211.775
213.694
305.695
220.076
195.382
166.546
150.735
154.873
179.825
161.141
150.047
188.848
279.384
276.862
235.414
212.985
255.251
240.723
262.947
216.347
245.951
259.602
210.209
232.643
253.568
239.973
254.631
262.377
222.968
276.799
265.688
344.58
524.443
289.279
255.761
253.254
213.52
226.578
200.232
184.62
203.629
172.312
184.999
215.838
243.38
184.166
246.694
241.416
230.24
341.392
209.542
263.302
192.657
227.816
247.369
250.972
233.868
195.216
174.992
203.374
281.158
250.007
265.382
231.244
258.954
243.825
269.822
205.923
213.611
228.632
215.751
210.893
170.239
181.088
158.538
158.059
157.567
184.494
207.089
256.938
241.264
221.868
247.148
270.22
280.229
182.043
166.115
162.958
164.925
188.301
209.763
227.937
181.94
166.247
160.612
166.619
167.256
162.753
164.165
181.336
162.625
162.702
163.911
163.874
164.8
199.961
225.615
185.534
188.895
170.584
204.596
227.202
208.478
181.37
171.383
166.053
168.661
166.295
213.979
175.469
214.034
177.556
165.567
165.202
165.3
165.755
164.919
192.002
169.499
168.232
183.461
168.761
190.698
208.29
184.438
176.567
181.159
216.002
188.266
185.015
186.818
181.113
185.476
206.77
204.896
200.564
177.039
175.789
184.449
170.073
193.569
211.956
219.249
180.769
181.301
204.913
251.112
220.201
197.569
216.767
212.588
282.908
186.128
172.155
174.013
171.911
199.019
183.655
263.241
252.168
226.398
240.887
210.734
193.841
175.242
269.223
210.297
202.967
229.462
181.288
198.685
183.679
190.666
174.836
172.949
174.488
186.863
175.104
189.934
216.598
287.649
180.306
174.513
174.994
173.776
173.481
177.652
286.535
237.477
224.376
230.989
206.751
174.303
178.648
192.681
248.302
260.511
189.953
191.246
188.517
174.878
182.047
183.256
175.339
198.114
254.765
188.713
180.689
212.177
220.952
177.563
202.255
214.638
212.363
198.944
189.65
299.046
231.86
189.732
207.054
211.889
192.255
181.39
185.449
178.704
223.904
244.278
273.036
225.306
181.906
178.866
177.921
179.669
178.645
178.867
177.932
180.946
179.479
180.037
178.82
177.797
178.432
179.495
180.969
178.997
179.328
178.442
193.686
179.732
180.653
180.194
180.675
180.876
180.833
179.761
181.697
181.936
180.438
182.785
180.546
181.229
189.854
181.182
213.306
188.582
185.479
201.552
187.348
185.516
185.369
185.588
191.827
220.221
186.018
198.463
186.634
186.187
187.118
191.944
187.773
185.556
194.253
187.057
185.906
186.758
187.383
185.798
185.858
194.185
184.062
187.083
185.056
185.103
187.408
185.528
190.485
190.883
187.562
188.373
189.229
188.672
188.964
187.53
187.842
189.957
188.19
190.169
188.207
188.574
190.585
189.045
189.914
189.836
189.624
201.36
199.107
191.061
194.213
205.669
192.721
194.423
191.261
192.114
198.574
191.998
191.735
190.712
192.747
190.802
195.543
200.411
193.304
193.235
193.03
193.262
194.57
192.694
192.953
193.778
193.737
195.277
194.181
194.494
196.694
195.192
194.638
194.02
195.298
256.707
242.631
272.151
243.853
242.967
254.396
244.958
274.311
334.639
267.553
199.573
316.767
339.981
246.414
239.213
496.084
330.003
279.205
312.039
267.72
221.861
303.603
297.468
244.594
199.069
247.062
263.62
257.828
266.801
281.189
245.326
307.655
290.824
294.792
274.219
297.212
341.522
279.681
280.931
280.078
303.631
249.592
367.207
377.001
353.768
302.213
288.169
226.665
359.712
326.078
412.143
301.961
264.361
261.769
272.319
287.088
323.504
292.799
313.534
