NVIDIA RTX A6000 (NVK GA102), Driver version: 25.0.0.4
2.18174
1.58465
1.58095
1.59394
1.58947
1.57749
1.58911
1.5815
1.61688
1.61009
1.58047
1.58256
1.64073
1.75614
1.71002
1.83195
1.62675
1.57984
1.60265
1.8021
1.57892
1.60525
1.58836
1.58933
1.59418
1.59502
1.85013
1.66655
1.5905
1.59367
1.58915
1.59063
1.58122
1.72106
1.65029
1.61264
1.59096
1.61234
1.58888
1.59657
1.72387
1.7075
1.58191
1.61391
1.60641
1.59356
1.59056
1.63145
1.8557
1.59948
1.59607
1.59651
1.62414
1.61411
1.61756
1.85882
1.89062
1.90698
1.89556
1.89574
1.90272
2.05145
2.0168
1.98294
1.17783
1.1504
1.14888
1.15327
1.16161
1.16102
1.25042
1.25455
1.32511
1.21518
1.2464
1.2496
1.28404
1.22489
1.22339
1.20995
1.18975
1.17126
1.17114
1.16849
1.16439
1.17183
1.17524
1.17231
1.16626
1.17337
1.23637
1.24215
1.21173
1.29758
1.21074
1.2178
1.24547
1.20279
1.17747
1.16266
1.18921
1.18569
1.25299
1.23106
1.2113
1.20757
1.19666
1.16077
1.26887
1.24219
1.2656
1.21427
1.278
1.20872
1.28159
1.28533
1.21781
1.19958
1.29894
1.22982
1.22225
1.2116
1.18128
1.17221
1.1638
1.24725
1.97937
1.40112
1.20966
1.2041
1.18768
1.17507
1.16482
1.15389
1.15162
1.23947
1.22648
1.19773
1.19387
1.17608
1.15236
1.1583
1.14449
1.14281
1.14645
1.16623
1.15571
1.13756
1.23515
1.23264
1.20279
1.26447
1.22693
1.21006
1.2842
1.2077
1.26164
1.20299
1.19621
1.20774
1.183
1.15397
1.13893
1.14995
1.1395
1.14214
1.13935
1.1575
1.14621
1.13935
1.14264
1.14473
1.13865
1.54384
1.32048
1.29816
1.24385
1.17855
1.1729
1.15148
1.14626
1.17082
1.15354
1.14579
1.14914
1.14602
1.16286
1.15493
1.1516
1.16385
1.18604
1.15268
1.16483
1.15715
1.14488
1.14596
1.1549
1.18276
1.2366
1.21556
1.19627
1.19694
1.1894
1.16924
1.16251
1.23518
1.22437
1.2204
1.28579
1.26632
1.20034
1.1842
1.1751
1.17975
1.15913
1.15124
1.16398
1.17531
1.15085
1.16549
1.18825
1.15915
1.15692
1.17083
1.17364
1.17309
1.3496
1.26129
1.24324
1.24305
1.31139
1.23603
1.20919
1.19865
1.18889
1.16904
1.16051
1.20331
1.15896
1.16018
1.16505
1.14442
1.16194
1.16864
1.1533
1.22682
1.1731
1.17651
1.16793
1.15234
1.16393
1.17841
1.17406
1.26075
1.22374
1.26214
1.23529
1.21578
1.29266
1.21977
1.20126
1.18546
1.18793
1.14464
1.22304
1.2136
1.19039
1.19767
1.1821
1.1522
1.15711
1.16826
1.16107
1.16007
1.14491
1.15623
1.14181
1.16152
1.1472
1.16449
1.15102
1.16206
1.14448
1.23418
1.22726
1.19814
1.20559
1.17354
1.1822
1.17789
1.1753
1.22296
1.27149
1.19909
1.1515
1.15999
1.15488
1.16594
1.15891
1.14431
1.14136
1.15236
1.17652
1.16038
1.15757
1.14267
1.16881
1.24863
1.25403
1.2205
1.19591
1.20026
1.21607
1.16162
1.23998
1.23638
1.19508
1.18458
1.28338
1.19565
1.18523
1.14679
1.17045
1.16905
1.16142
1.23091
1.23041
1.19085
1.29703
1.1858
1.2676
1.25113
1.23195
1.28274
1.22067
1.23087
1.2068
1.27322
1.20638
1.20717
1.15856
1.15899
1.17166
1.16198
1.24964
1.24414
1.21018
1.20662
1.18326
1.18339
1.15641
1.25026
1.23115
1.20813
1.1867
1.19732
1.25212
1.23197
1.21204
1.22351
1.27336
1.22471
1.20933
1.21568
1.18533
1.17449
1.15828
1.25009
1.26525
1.19891
1.2787
1.21806
1.21582
1.21394
1.18864
1.17656
1.1598
1.16037
1.16142
1.16382
1.17675
1.16033
1.1584
1.16377
1.18982
1.15496
1.24955
1.254
1.22495
1.34408
1.2303
1.21614
1.20433
1.32948
1.33484
1.28874
1.23766
1.29711
1.23627
1.20891
1.20413
1.19468
1.16786
1.18309
1.16593
1.15807
1.30495
1.27644
1.26556
1.29379
1.23369
1.21417
1.19654
1.19505
1.15973
1.24893
1.22892
1.23854
1.21168
1.18386
1.18854
1.15267
1.25358
1.23856
1.20767
1.18492
1.27166
1.18995
1.2073
1.25088
1.2322
1.19301
1.27286
1.24309
1.25052
1.25221
1.18138
1.16621
1.23709
1.23017
1.21607
1.19393
1.17152
1.25001
1.1832
1.1638
1.1721
1.94572
1.16493
1.15761
1.13502
1.22576
1.22716
1.18621
1.26186
1.26006
1.19538
1.23294
1.20016
1.17072
1.16613
1.14095
1.1562
1.14333
1.1403
1.23135
1.2055
1.19352
1.20344
1.18326
1.19756
1.17045
1.1669
1.15186
1.15172
1.16056
1.14599
1.34582
1.32111
1.29915
1.20471
1.20009
1.17225
1.19219
1.15122
1.22303
1.21081
1.21112
1.1984
1.17928
1.15205
1.14859
1.14958
1.15228
1.15812
1.15902
1.169
1.16503
1.1644
1.15773
1.23863
1.2116
1.20098
1.19947
1.1801
1.18032
1.2614
1.25058
1.20758
1.206
1.1919
1.16952
1.26369
1.21367
1.20549
1.21841
1.17908
1.2543
1.23093
1.20134
1.20105
1.26737
1.23271
1.21305
1.19978
1.17584
1.15954
1.14861
1.15696
1.18454
1.14521
1.21832
1.19501
1.20023
1.217
1.19582
1.17623
1.16803
1.15602
1.15067
1.16306
1.20165
1.17072
1.2333
1.21553
1.23301
1.18595
1.26635
1.26205
1.21265
1.20571
1.18791
1.16604
1.16806
1.17114
1.19675
1.17013
1.17397
1.17331
1.17853
1.17687
1.17835
1.16898
1.17146
1.1816
1.18051
1.26979
1.21995
1.27664
1.2016
1.19595
1.21699
1.16363
1.23978
1.21441
1.2213
1.2101
1.33349
1.25457
1.199
1.22826
1.18985
1.1738
1.15486
1.18381
1.14858
1.22635
1.20956
1.2039
1.18993
1.16716
1.15665
1.15378
1.16305
1.1545
1.15617
1.14452
1.1515
1.1554
1.15676
1.15905
1.15571
1.16353
1.15121
1.16887
1.16995
1.17754
1.16984
1.16881
1.18301
1.1624
1.23591
1.20216
1.23711
1.18792
1.28561
1.2069
1.17298
1.15219
1.13815
1.15018
1.14582
1.15159
1.14442
1.14372
1.16148
1.14439
1.14036
1.14879
1.15827
1.15474
1.15686
1.14793
1.15002
1.15478
1.1487
1.14601
1.15648
1.16483
1.15277
1.18041
1.17791
1.13932
1.13781
1.16101
1.15185
1.1578
1.14622
1.14342
1.16511
1.15234
1.16254
1.15786
1.32936
1.24715
1.33087
1.20034
1.20702
1.19218
1.17909
1.1755
1.148
1.15704
1.15294
1.16007
1.16121
1.15692
1.15643
1.15376
1.14805
1.14856
1.15458
1.16286
1.14869
1.42713
1.23922
1.33505
1.22276
1.22847
1.21069
1.18512
1.17567
1.1468
1.24417
1.21748
1.20628
1.22643
1.16676
1.24486
1.21366
1.2265
1.19313
1.28275
1.25595
1.29045
1.20779
1.192
1.16542
1.15798
1.15838
1.16033
1.15734
1.156
1.16009
1.18824
1.20252
1.16363
1.25715
1.23398
1.25276
1.20998
1.18391
1.16895
1.186
1.17806
1.17423
1.18506
1.20365
1.20296
1.18292
1.18292
1.1889
1.18439
1.23927
1.20689
1.23075
1.19563
1.1888
1.18235
1.18235
1.19963
1.18438
1.19823
1.1879
1.18704
1.18652
1.18588
1.18172
1.18762
1.18309
1.18305
1.19295
1.17418
1.24427
1.21588
1.18981
1.22336
1.18155
1.15235
1.14846
1.15528
1.14717
1.14309
1.16354
1.14564
1.14325
1.14457
1.14981
1.15999
1.16705
1.1527
1.15032
1.14662
1.15155
1.19836
1.1646
1.15066
2.08291
1.1713
1.15752
1.1653
1.17604
1.15821
1.16473
1.56086
1.25489
1.29371
1.23023
1.16767
1.16621
1.19122
1.17237
1.19495
1.16534
1.20578
1.16676
1.16751
1.18679
1.1637
1.15634
1.19099
1.16681
1.16616
1.15888
1.1659
1.16678
1.17172
1.16688
1.16537
1.17059
1.16803
1.16049
1.17159
1.1676
1.16122
1.16448
1.17024
1.1661
1.17037
1.16332
1.16095
1.16563
1.161
1.18235
1.17846
1.161
1.16967
1.15842
1.16825
1.16987
1.18509
1.16644
1.1709
1.17483
1.17603
1.23243
1.25422
1.17404
1.18058
1.17429
1.191
1.18946
1.18462
1.16737
1.1633
1.15385
1.1762
1.18037
1.16954
1.18452
1.18477
1.17375
1.18574
1.16739
1.24142
1.22315
1.2378
1.20289
1.18361
1.15699
1.15463
1.15009
1.1525
1.15165
1.15827
1.1592
1.15723
1.158
1.15902
1.15913
1.16279
1.15275
1.15299
1.15601
1.15348
1.18217
1.15365
1.16532
1.1555
1.15974
1.15857
1.16327
1.15485
1.15373
1.16018
1.15641
1.15091
1.15879
1.15423
1.14877
1.14951
1.15211
1.15918
1.15127
1.16045
1.15337
1.1631
1.15092
1.1622
1.15218
1.25871
1.20528
1.21175
1.20324
1.21332
1.25382
2.41312
1.99231
1.92604
1.90262
1.90901
1.91237
1.90826
1.92569
1.92456
1.93507
1.92146
1.92297
1.92735
1.9196
1.92033
1.91636
1.93477
1.89797
1.9049
1.89911
1.89717
1.89954
1.89515
1.92412
1.89906
1.90141
1.89014
1.92076
1.89791
1.91904
1.92589
1.91091
1.91327
1.9303
1.89868
1.90243
1.92004
1.91064
1.90202
1.89572
1.90154
1.9035
1.89222
1.89576
1.91093
1.9108
1.9006
1.902
1.91891
1.90697
1.90475
1.91112
1.90994
1.89929
1.90737
1.89978
1.91353
1.92208
2.51767
2.12651
2.18897
1.98982
1.92212
1.92547
1.16461
1.15773
1.15565
1.17674
1.16327
1.15982
1.16043
1.18555
1.16298
1.18499
1.17601
1.17687
1.17675
1.17673
1.17342
1.18591
1.17321
1.17666
1.17993
1.17432
1.17344
1.18536
1.17358
1.18729
1.17243
1.17303
1.17575
1.1742
1.19153
1.1794
1.17564
1.1711
1.18012
1.17625
1.17976
1.17189
1.1677
1.1788
1.16965
1.17994
1.17074
1.17071
1.16795
1.17616
1.18001
1.16827
1.16471
1.16933
1.16537
1.17134
1.16989
1.18238
1.16974
1.17212
1.1742
1.20964
1.16255
1.17218
1.18597
1.20392
1.1798
1.16635
1.1772
1.17147
1.16832
1.16869
1.18186
1.17033
1.16958
1.17008
1.16749
1.16825
1.20304
1.16769
1.14983
1.15167
1.16608
1.16169
1.16909
1.16186
1.15817
1.16277
1.15631
1.15417
1.15925
1.17581
1.1688
1.1664
1.16532
1.17425
1.18907
1.16613
1.16367
1.17531
1.16487
1.15874
1.18953
1.16471
1.16793
1.15881
1.17095
1.17702
1.17268
1.16888
1.17239
1.16296
1.1658
1.17128
1.16522
1.1611
1.15927
1.16793
1.15986
1.16521
1.16787
1.16473
1.17358
1.1799
1.17419
1.17466
1.17116
1.16442
1.17154
1.18525
1.1732
1.16779
1.17102
2.25687
1.15026
1.14425
1.14416
1.15813
1.14514
1.1493
1.14675
1.15468
1.14448
1.15091
1.14748
1.14404
1.14612
1.14866
1.14765
1.15275
1.15437
1.15328
1.14466
1.15624
1.14821
1.14678
1.14538
1.18528
1.14575
1.15457
1.15042
1.1507
1.14909
1.16054
1.15097
1.14213
1.14476
1.15826
1.15258
1.14611
1.17056
1.15912
1.14497
1.14805
1.15875
1.15119
1.15591
1.15241
1.14616
1.1461
1.14193
1.1438
1.14691
1.15078
1.14954
1.14673
1.18458
1.45724
1.26786
1.19542
1.16705
1.15897
1.18694
1.17883
1.17352
1.16692
1.17887
1.1559
1.16048
1.16468
1.15773
1.1602
1.16232
1.15544
1.16037
1.16007
1.16942
1.165
1.16489
1.1583
1.16043
1.16143
1.16173
1.16034
1.15374
1.15647
1.15838
1.175
1.16332
1.15753
1.16404
1.16058
1.16224
1.1661
1.15941
1.16242
1.16494
1.1716
1.16012
1.16486
1.15483
1.16391
1.16274
1.16265
1.16088
1.17427
1.16838
1.16209
1.16205
1.15796
1.15777
1.17174
1.1539
1.15524
1.15881
1.16787
1.16601
1.15872
1.1596
1.16967
1.22208
1.16727
1.1641
1.16159
1.1705
1.15845
1.15992
1.1656
1.15964
1.16671
1.16076
1.15615
1.16221
1.15127
1.14999
1.15933
1.15639
1.16106
1.14944
1.15662
1.15676
1.15366
1.16831
1.1531
1.15116
1.16002
1.17564
1.17229
1.18101
1.16977
1.16577
1.16281
1.1663
1.17137
1.17337
1.164
1.16444
1.16274
1.17274
1.15568
1.17358
1.16671
1.16043
1.16823
1.16303
1.16358
1.18642
1.16628
1.17334
1.15911
1.16737
1.16489
1.17283
1.17431
1.16928
1.16542
1.15687
1.15965
1.26161
1.20463
1.20375
1.19939
1.18914
1.16727
1.15323
1.15189
1.15297
1.15276
1.16119
1.2362
1.22066
1.21213
1.22586
1.19428
1.27233
1.20133
1.19923
1.19982
1.18096
1.17143
1.16983
1.26367
1.21483
1.21452
1.20637
1.19123
1.1664
1.15926
1.16191
1.16265
1.16555
1.1589
1.15821
1.1578
1.16816
1.15129
1.15707
1.16134
1.15698
1.16337
1.16084
1.17856
1.1574
1.1489
1.15336
1.1606
1.15786
1.15663
1.15798
1.15455
1.16318
1.16106
1.16772
1.16598
1.17032
1.16963
1.16385
1.16242
1.16525
1.17344
1.16776
1.15779
1.16447
1.16238
1.16555
1.16888
1.16881
1.16034
1.16398
1.16287
1.168
1.1723
1.16929
1.16812
1.16469
1.1672
1.17297
1.19047
1.16258
1.15653
1.15996
1.16876
1.1619
1.16213
1.15918
1.15886
1.16564
1.17456
1.1608
1.1676
1.16018
1.16095
1.15381
1.1569
1.16444
1.16725
1.16081
1.16694
1.1614
1.16332
1.16247
1.17451
1.16783
1.15828
1.16317
1.16507
1.15598
1.16817
1.17284
1.16347
1.15546
1.16228
1.16675
1.16408
1.16093
1.16579
1.16864
1.17674
1.16871
1.16028
1.15306
1.16238
1.16607
1.16904
1.15579
1.15401
1.16439
1.15733
1.15825
1.17203
1.17169
1.51596
1.59881
1.63861
1.73398
1.65097
1.60277
1.63796
1.68664
1.65487
1.61272
1.69296
1.59394
2.80414
1.64413
1.69962
1.72873
1.6802
1.66164
1.60952
1.61295
1.55737
1.62478
1.70805
1.68063
1.67783
1.56778
1.63255
1.54838
1.5812
1.58628
1.58835
1.57618
1.54634
1.55848
1.56412
1.54071
1.53599
1.55215
1.54811
1.51626
1.61413
1.5854
1.56639
1.55682
1.64575
1.60725
1.60835
1.57441
1.57227
1.5657
1.56113
1.57747
1.58401
1.527
1.58279
1.54893
1.535
1.52172
1.54428
1.5825
1.56766
1.59803
1.57734
1.55178
1.62123
1.56431
1.58055
1.53656
1.60516
1.56763
1.60967
1.59018
1.55048
1.61874
1.63581
1.61489
1.59607
1.61818
1.60112
1.604
1.60982
1.62177
1.58542
1.55114
1.5983
1.62789
1.59315
1.63907
1.60482
1.57483
1.5944
1.63024
1.58479
1.63002
1.59299
1.58403
1.61855
1.62314
1.62125
1.61261
1.62331
1.5869
1.57709
1.56397
1.62066
1.60995
1.59754
1.59146
1.61789
1.56446
1.56746
1.56201
1.61127
1.62722
1.61891
1.6366
1.52983
1.59887
1.58825
1.5912
1.60746
1.62062
1.61665
1.56358
1.6225
1.60921
1.61675
1.56083
1.60801
1.58533
1.54539
1.55476
1.547
1.57757
1.5556
1.56876
1.58503
1.60244
1.72458
2.01686
1.58479
1.74598
1.6669
1.71201
1.66538
1.58957
1.5975
1.61908
1.59913
1.58146
1.64287
1.5625
1.5854
1.60789
1.58742
1.60838
1.61734
1.62136
1.62697
1.69047
1.62497
1.76167
1.67298
1.61645
1.64198
1.65777
1.61936
1.66486
1.612
1.62374
1.68124
1.64235
1.65254
1.68921
1.6651
1.64774
1.72433
1.76213
1.67913
1.68429
1.64342
1.69473
1.62261
1.63367
1.62839
1.61291
1.5858
1.72374
2.15063
1.78055
1.78715
1.77339
1.67582
1.74612
1.75346
1.73943
1.71502
1.68053
1.67807
1.71248
1.71648
1.68917
1.69561
1.5511
1.52006
1.5581
1.54987
1.58736
1.53326
1.54855
1.56478
1.53819
1.53173
1.54804
1.55493
1.53858
1.55516
1.53039
1.55209
1.51923
1.54977
1.53923
1.55187
1.52487
1.53527
1.56202
1.53051
1.5597
1.5508
1.55125
1.56177
1.53049
1.56078
1.54571
1.55897
1.56063
1.58031
1.55113
1.59303
1.55038
1.55764
1.55676
1.53825
1.5439
1.55324
1.74194
1.64928
1.65822
1.62903
1.53292
1.54725
1.52368
1.5753
1.51832
1.54348
1.51906
1.53319
1.53177
1.53311
1.51327
1.5371
1.52021
1.54794
1.54951
1.56376
1.54357
1.53937
1.52347
1.55804
1.56438
1.503
1.51378
1.53365
1.51555
1.55448
1.52051
1.54987
1.55917
1.53331
1.53185
1.51991
1.52618
1.53577
1.50914
1.52244
1.53436
1.53285
1.54428
1.52489
1.55628
1.55062
1.55903
1.52091
1.52099
1.5211
1.5318
1.5612
1.53067
1.49469
1.50324
1.56052
1.51797
1.5499
1.52382
1.54566
1.55523
1.52533
1.52717
1.5371
1.54967
1.54641
1.54575
1.56266
1.51916
1.53776
1.53056
1.56384
1.53048
1.50714
1.5394
1.52493
1.52795
1.52439
1.54231
1.55344
1.49755
1.53601
1.51093
1.53034
1.54018
1.53296
1.5388
2.99163
1.50438
1.49574
1.51137
1.5214
1.53517
1.49621
1.53642
1.50536
1.49634
1.49882
1.52314
1.50665
1.51995
1.49252
1.55136
1.49604
1.50747
1.51926
1.52789
1.52155
1.54757
1.51529
1.54339
1.53528
1.52355
1.52947
1.51742
1.53704
1.52363
1.50619
1.51222
1.5419
1.52601
1.52616
1.54597
1.53097
1.51416
1.56821
1.54008
1.54277
1.51594
1.536
1.53929
1.52351
1.55259
1.51271
1.52361
1.51678
1.53496
1.54269
1.5405
1.51928
1.52588
1.56272
1.51125
1.5241
1.52371
1.57309
1.55424
1.56249
1.55587
1.59116
1.53506
1.53666
1.57489
1.5652
1.76552
1.72715
1.71449
1.70739
1.65233
1.66161
1.60167
1.69467
1.67632
1.65464
1.64581
1.67683
1.61887
1.66262
1.592
1.64524
1.66824
1.694
1.59567
1.60978
1.63199
1.65362
1.67163
1.6361
1.58459
1.59837
1.63205
1.6101
1.59189
1.64394
1.60505
1.62498
1.6432
1.65422
1.6126
1.62938
1.59709
1.5969
1.6306
1.68952
1.54683
1.68584
1.5843
1.72299
1.63934
1.59461
1.6199
1.60903
1.62558
1.59492
1.63667
1.57052
1.59343
1.57432
1.6355
1.63375
1.57734
1.55347
1.63161
1.63506
1.62275
1.63578
1.64743
1.62341
1.67969
1.67431
1.62276
1.60276
1.60306
1.66624
1.61528
1.61694
1.5588
1.65444
1.61189
1.63932
1.62701
1.58557
1.63935
1.55933
1.62742
1.63662
1.66526
1.62342
1.62207
1.55636
1.60712
1.7471
1.59944
1.60344
1.61924
1.56444
1.5677
1.59539
1.57745
1.62469
1.59261
1.54967
1.57888
1.60484
1.62888
1.57664
1.54017
1.60238
1.60357
1.61661
1.54984
1.59041
1.6435
1.60516
1.63583
1.60363
1.58086
1.60433
1.64077
1.60424
1.59843
1.661
1.62014
1.55273
1.61615
1.63485
1.6019
1.64179
1.58321
1.60899
1.54883
1.63567
1.66153
1.62528
1.66371
1.63752
1.57475
1.64374
1.6466
1.61646
1.62016
1.60621
1.62177
1.63866
1.63886
1.62105
1.60662
1.61826
1.63028
1.55815
1.56442
1.5568
1.62069
1.59615
1.57439
1.62606
1.5964
1.62483
1.63743
1.61048
1.63566
1.63794
1.63598
1.61068
1.66741
1.644
1.61652
1.63113
1.61284
1.64226
1.6328
2.15865
1.78284
1.74346
1.6822
1.59729
1.6566
1.63447
1.67625
1.6645
1.66504
1.59401
1.62058
1.64025
1.62256
1.63752
1.64146
1.60122
1.58113
1.65957
1.6723
1.60818
1.65496
1.62014
1.60818
1.63327
1.62998
1.62284
1.64063
1.62886
1.60959
1.60481
1.61483
1.63469
1.62557
1.62533
1.6307
1.66016
1.63261
1.55837
1.60552
1.60138
1.59489
1.55682
1.60055
1.5944
1.61168
1.57059
1.56861
1.56357
1.59832
1.58075
1.59313
1.58129
1.59319
1.57682
1.56892
1.5556
1.55928
1.56654
1.59339
1.57672
1.59055
1.61159
1.57774
1.60129
1.60682
1.61086
1.57654
1.5573
1.65445
1.59545
1.61323
1.61277
1.61346
1.59766
1.58456
1.60383
1.55936
1.55946
1.62271
1.62851
1.60314
1.64563
1.59059
1.58848
1.55461
3.42254
1.64673
1.59444
1.60487
1.62405
1.61038
1.60757
1.60633
1.66216
1.58586
1.58262
1.60103
1.64446
1.62955
1.63576
1.62774
1.62077
1.68685
1.60513
1.60431
1.62104
1.58989
1.66275
1.56312
1.66475
1.59998
1.63152
1.5874
1.61886
1.61184
1.60713
1.6506
1.61522
1.62811
1.6121
1.63594
1.62329
1.62267
1.58461
1.61731
1.6292
1.60848
1.64201
1.63628
1.60518
1.61885
1.65173
1.62925
1.60226
1.63153
1.62403
1.61435
1.61475
1.60295
1.58129
1.62174
1.5977
1.66236
1.65115
1.62096
1.61939
1.62819
1.63234
1.6058
1.64342
1.60518
1.56641
1.64406
1.65083
1.58549
1.58038
1.6322
1.61136
1.63641
1.62246
1.56608
1.59367
1.62097
1.57679
1.59353
1.5994
1.60721
1.63462
1.58585
1.5554
1.57778
1.58533
1.61188
1.63558
1.57867
1.56434
1.58439
1.60048
1.59897
1.57048
1.60302
1.58262
1.59383
1.59292
1.61474
1.61721
1.57754
1.58872
1.60027
1.59335
1.56557
1.617
1.59778
1.618
1.71622
1.93456
1.59381
1.65774
1.69575
1.74568
1.6461
1.59258
1.58004
1.57869
1.60825
1.5839
1.63661
1.58876
1.57062
1.58064
1.58495
1.62705
1.61888
1.58825
1.56048
1.58824
1.67845
1.60206
1.57526
1.64454
1.56187
1.62167
1.58731
1.59621
1.62923
1.64667
1.61624
1.6027
1.66591
1.63502
1.62916
1.62769
1.60229
1.75082
1.63947
1.55861
1.57377
1.5696
1.63346
1.61512
1.60898
1.77723
1.72248
1.69549
1.66184
1.68499
1.71365
1.74189
1.78979
1.70823
1.7186
1.68485
1.75873
1.75531
1.74682
1.69025
1.72356
1.71714
1.69268
1.7667
1.76975
1.60028
1.70606
1.73044
1.68086
1.73595
1.71264
1.73403
1.66212
1.72651
1.71199
1.73986
1.74196
1.73847
1.73257
1.72114
1.70475
1.74618
1.74438
1.69953
1.74029
1.6768
1.70882
1.72892
1.70067
1.68189
1.75061
1.72178
1.67151
1.67411
1.69882
1.74259
1.72808
1.72186
1.69963
1.73555
1.73563
1.69808
1.72033
1.73012
1.73069
1.71049
1.71174
1.71829
1.75815
1.71911
1.67779
1.66363
1.65141
1.63893
1.62212
1.62906
1.64699
1.67511
1.67231
1.61145
1.5275
1.57116
1.53839
1.65845
1.58786
1.60277
1.62335
1.53468
1.58943
1.58305
1.58079
1.56617
1.56374
1.51994
1.52799
1.54801
1.55207
1.54176
1.53076
1.55794
1.55481
1.57395
1.58211
1.55293
1.5613
1.55682
1.58394
1.56784
1.55459
1.59149
1.59205
1.64968
1.57944
1.6014
1.634
1.57149
1.5735
1.63488
1.6102
1.58058
1.5775
1.65594
1.53981
1.56136
1.54615
1.56112
1.60867
1.55567
1.56007
1.53663
1.65947
1.93873
1.65139
1.78446
1.7706
1.72094
1.70556
1.565
1.55879
1.58149
1.56408
1.5415
1.55068
1.53934
1.5528
1.5509
1.5494
1.58864
1.54045
1.55563
1.54436
1.54871
1.55727
1.52659
1.56177
1.54379
1.56124
1.56814
1.53903
1.56364
1.55876
1.55805
1.54712
1.54547
1.52352
1.55245
1.54811
1.54154
1.53667
3.1758
1.69963
1.68781
1.62733
1.63846
1.56173
1.53924
1.53621
1.50319
1.53968
1.53922
1.55269
1.5304
1.52621
1.52864
1.52565
1.56846
1.54005
1.52789
1.52656
1.51156
1.58276
1.87049
1.8191
1.52551
1.5275
1.56499
1.5171
1.56961
1.54399
1.56383
1.57489
1.5979
1.5994
1.57603
1.56549
1.59063
1.58559
1.58518
1.56626
1.58025
1.55076
1.56934
1.57259
1.71354
1.62679
1.6576
1.58268
1.49252
1.54539
1.52965
1.53001
1.53239
1.55832
1.68856
1.54501
1.54866
1.61295
1.65059
1.63407
1.59881
1.66408
1.66848
1.65253
1.66156
1.67371
1.64644
1.67852
1.6747
2.0865
1.70346
1.56452
1.69912
1.63096
1.70476
1.68492
1.64156
1.62999
1.68058
1.65699
1.67058
1.65249
1.63069
1.65873
1.62061
1.63054
1.67892
1.67169
1.67821
1.70737
1.73867
1.73653
1.68763
1.66988
1.71032
1.72049
1.69576
1.71778
1.76077
1.70753
1.72398
1.7485
1.70705
1.73029
1.72048
1.79319
1.75607
1.7253
1.73006
1.70057
1.74882
1.74386
1.74433
1.75117
1.72764
1.70706
1.71002
1.71293
1.74378
1.71627
1.70469
1.69947
1.72058
1.69403
1.69154
1.70217
1.71219
1.68523
1.69433
1.74574
1.7073
1.69894
1.69849
1.72512
1.7104
1.73743
1.70379
1.70068
1.70799
1.74638
1.73674
1.69352
1.7066
1.68858
1.76685
1.74323
1.71084
1.70862
1.74896
1.7096
1.70742
1.72592
1.72179
1.76337
1.74806
1.75818
1.74215
1.6805
1.72532
1.75054
1.74326
1.7478
1.70826
1.68172
1.59241
1.68565
1.67689
1.67377
1.69275
1.66101
1.66545
1.69627
1.68747
1.72018
1.71225
1.6569
1.69933
1.71342
1.69932
1.66523
1.71139
1.67355
1.67308
1.57855
1.71566
1.71497
1.75094
1.71459
1.73025
1.74561
1.70051
1.74723
1.74657
1.73208
1.70187
1.68538
1.73627
1.74018
1.70798
1.7419
1.71439
1.70277
1.70674
1.76696
1.72199
1.7529
1.74232
1.74507
1.70345
1.70824
1.75343
1.72481
1.70709
1.69082
1.6941
1.72155
1.71565
1.73405
1.70465
1.73952
1.69238
1.72256
1.73112
1.72239
1.7266
1.69042
1.70029
1.7231
1.74494
1.72808
1.73239
1.71266
1.70422
1.67099
1.70954
1.71076
1.70852
1.7223
1.69257
1.69148
1.68863
1.69933
1.66837
1.67848
1.71344
1.71196
1.69541
1.68387
1.70912
1.72692
1.71088
1.71184
1.74635
1.67771
1.66292
1.63617
1.5474
1.56008
1.59171
1.56547
1.54543
1.57679
1.574
1.56466
1.5919
1.55141
1.56167
1.62283
1.57969
1.59383
1.55706
1.58063
1.58323
1.55761
1.57949
1.59736
1.58476
1.57374
1.57791
1.54763
1.57443
1.56143
1.57424
1.61003
1.70841
1.70964
1.69231
1.6472
1.73563
1.74178
1.77143
1.72512
1.7084
1.68349
1.70609
1.71354
1.76217
1.76049
1.68582
1.69663
1.65115
1.65899
1.64532
1.55377
1.5471
1.59378
1.57256
1.71793
1.68373
1.69853
1.62861
1.6836
1.68506
1.71886
1.72084
1.70321
1.70287
1.71657
1.72114
1.69801
1.69997
2.90605
2.14472
1.76554
1.78955
1.80087
1.7685
1.66233
1.55215
1.55099
1.58743
1.56822
1.61559
1.55513
1.59042
1.58075
1.60573
1.78119
1.69007
1.64757
1.59268
1.59764
1.61803
1.67534
1.69168
1.63018
1.6185
1.57085
1.54831
1.57875
1.58044
1.59903
1.59859
1.6059
1.5597
1.6254
1.60567
1.59668
1.59576
1.60826
1.6356
1.60563
1.58838
1.57896
1.71362
1.67764
1.69728
1.57744
1.64248
1.6965
1.6518
1.66136
1.67988
1.70709
1.65978
1.70422
1.65977
1.66489
1.59153
1.64897
1.69887
1.72771
1.79048
1.78755
1.75832
1.60138
1.62607
1.61077
1.61942
1.61583
1.619
1.78429
1.81248
1.71297
1.73587
1.75739
1.77595
1.57961
1.60104
1.62052
1.60081
1.62622
1.58323
1.61662
1.61027
1.62675
1.66189
1.60201
1.62918
1.59514
1.61834
1.61371
1.63458
1.63137
1.61001
1.6247
1.65198
1.60521
1.64079
1.59613
1.65206
1.63224
1.61963
1.63321
1.63774
1.62822
1.61188
1.62703
1.61691
1.62432
1.65177
1.80955
1.69033
1.64742
1.56434
1.57476
1.58067
1.58161
1.58105
1.5659
1.57397
1.58234
1.5778
1.56553
1.61235
1.59209
1.55262
1.61171
1.56919
1.58158
1.58472
1.59769
1.61776
1.61061
1.59615
1.58526
1.6171
1.61919
1.61247
1.5233
1.55868
1.54982
1.56116
1.54116
1.58039
1.54706
1.57734
1.55428
1.56092
1.54712
1.53234
1.52326
1.53391
1.53015
1.54682
1.55841
1.51668
1.55018
1.77519
1.74524
1.76366
1.63514
1.61904
1.64376
1.59506
1.69752
1.60356
1.66857
1.64208
1.76588
1.70819
1.7101
1.71655
1.66366
1.69771
1.58655
1.68326
1.64949
1.67611
1.69068
1.67883
1.59732
1.61418
1.60037
1.66071
1.67036
1.63536
1.65128
1.68563
1.66947
1.65929
1.72282
1.6493
1.65839
1.62147
1.68172
1.69954
1.64481
1.64974
1.66315
1.66797
1.64886
1.62363
1.67536
1.65086
1.65382
1.67317
1.65272
1.64722
1.66846
1.68513
1.64163
1.67529
1.64054
1.67229
1.70068
1.64462
1.64551
1.68069
1.69104
1.69694
1.68378
1.75079
1.76327
1.71573
1.7967
1.73222
1.74448
1.75721
1.73035
1.71092
1.79843
1.73745
1.74806
1.70668
1.63148
1.7525
1.75064
1.70062
1.7447
1.72973
1.6839
1.68489
1.70655
1.69547
1.70939
1.67877
1.69901
1.72677
1.68625
1.661
1.70531
1.72141
1.66609
1.62137
1.73908
1.68088
1.78036
1.71115
1.73373
1.71478
1.7515
1.74603
1.71412
1.7396
1.73636
1.72885
1.68129
1.67986
1.73276
1.69852
1.71188
1.70173
1.68599
1.74074
1.7419
1.72039
1.70191
1.69416
1.68593
1.6696
1.70684
1.69139
1.73859
1.70171
1.744
1.74343
1.7
1.74351
1.73678
1.7336
1.69286
1.67448
1.74079
1.69045
1.72548
1.76318
1.70943
1.68856
1.69331
1.68757
1.71074
1.67737
1.70478
1.67634
1.67047
1.6707
1.65613
1.66884
1.64772
1.6366
1.69159
1.71676
1.65474
1.67996
1.65648
1.67291
1.72025
1.75444
1.74095
1.69389
2.96261
1.73507
1.72558
1.68078
1.72258
1.67527
1.68241
1.70146
1.72812
1.71037
1.74519
1.70822
1.70843
1.68328
1.69648
1.69146
1.71816
1.73
1.70854
1.70935
1.73869
1.72077
1.73506
1.7294
1.76706
1.71699
1.68931
1.73643
1.76212
1.72702
1.70421
1.67818
1.71187
1.74091
1.71975
1.66935
1.75906
1.69354
1.70284
1.71516
1.94276
1.99349
1.76171
1.74968
1.7684
1.71888
1.6997
1.68568
1.68456
1.68872
1.68969
1.70212
1.68238
1.70503
1.75216
1.73302
1.71667
1.78525
1.77299
1.78674
1.74618
1.76993
1.66314
1.7026
1.77354
1.7249
1.74251
1.71608
1.73215
1.72621
1.74056
1.72019
1.65931
1.68177
1.66075
1.65766
1.70042
1.69668
1.68951
1.66273
1.69424
1.68774
1.66383
1.68055
1.66335
1.70261
1.72008
1.69484
1.66124
1.66077
1.63841
1.63154
1.62233
1.62182
1.63378
1.64659
1.64411
1.62669
1.62865
1.62283
1.63142
1.6446
1.61352
1.64011
1.6425
1.60302
1.59824
1.60044
1.62406
1.61251
1.62459
1.64842
1.64099
1.5859
1.61518
1.61741
1.6155
1.65263
1.60828
1.7641
1.72765
1.71704
1.65138
1.73756
1.67331
1.63971
1.6889
1.61485
1.72192
1.76491
1.64463
1.64435
1.62237
1.64954
1.57778
1.55236
1.56147
1.57373
1.5767
1.62642
1.6209
1.57648
1.5877
1.58442
1.6019
1.5842
1.59696
1.58226
1.61587
1.6177
1.57412
1.60613
1.61069
1.5554
1.59505
1.56573
1.60753
1.57588
1.58699
1.59766
1.61306
1.59018
1.59872
1.57813
1.58438
1.58244
1.6102
1.58748
1.57045
1.60729
1.62351
1.57228
1.61143
1.5878
1.57675
1.61526
1.64427
1.57905
1.57926
1.63541
1.60431
1.61746
1.64018
1.6594
1.62054
1.66637
1.68848
1.64897
1.65807
1.65631
1.66632
1.62343
1.64453
1.60948
1.59115
1.60666
1.57203
1.56021
1.57827
1.61619
1.5954
1.61694
1.58699
1.57756
1.60278
1.62179
1.57858
1.6048
1.61634
1.59537
1.62325
1.61221
1.58781
1.60604
1.61794
1.64472
1.6137
1.58926
1.60176
1.60461
1.64126
1.57774
1.61596
1.72214
1.60655
1.5447
1.54436
1.59262
1.53141
1.54768
1.56608
1.55886
1.54349
1.71875
1.60756
1.53303
1.54463
1.56848
1.60083
1.59431
1.56025
1.56231
1.57234
1.56668
1.57421
1.71876
1.99344
1.85405
1.75227
1.75966
1.79106
1.70422
1.77952
1.76845
1.77961
1.65084
1.60764
1.60906
1.56889
1.60705
1.60461
1.60424
1.60308
1.62834
1.63368
1.63621
1.61926
1.58393
1.60463
1.62341
1.63412
1.60319
1.62331
1.61763
1.63668
1.58689
1.61512
1.61242
1.61801
1.63103
1.61468
1.62398
1.59664
1.60692
1.63667
1.60436
1.62889
1.61781
1.59929
1.62802
1.66637
1.61799
1.61667
1.59375
1.69507
1.56536
1.62346
1.66842
1.75151
1.72004
1.65779
1.68521
1.65961
1.62506
1.64918
1.65169
1.65055
1.79263
1.66381
1.70867
1.70809
1.67879
1.71889
1.67103
1.68109
1.6557
1.66564
1.65999
1.70051
3.32236
1.6771
1.6751
1.67097
1.69106
1.64361
1.63167
1.572
1.57085
1.60164
1.62431
1.59689
1.61371
1.60527
1.59153
1.61072
1.59313
1.75558
1.62756
1.67287
1.67628
1.67085
1.7172
1.68894
1.70976
1.72491
1.71947
1.7211
1.73908
1.69835
1.69308
1.71406
1.85863
1.94716
1.75974
1.75697
1.68722
1.68862
1.75835
1.74433
1.72247
1.65605
1.72787
1.74815
1.7112
1.78063
1.72018
1.69727
1.74874
1.72532
1.73477
1.75554
1.73336
1.7501
1.70594
1.71343
1.71839
1.75134
1.70986
1.72077
1.75113
1.72339
1.76992
1.75162
1.71238
1.72232
1.73735
1.696
1.7185
1.73052
1.6858
1.73647
1.73644
1.71036
1.74654
1.74839
1.7258
1.75293
1.73245
1.76729
1.77711
1.73348
2.27351
1.80997
1.76041
1.79217
1.74892
1.77801
1.72052
1.77874
1.70216
1.71015
1.73162
1.72719
1.70033
1.71311
1.75243
1.74639
1.72095
1.71572
1.72554
1.72961
1.73379
1.72576
1.75961
1.76625
1.76202
1.73099
1.7246
1.77777
1.72102
1.71838
1.69244
1.6883
1.70076
1.70161
1.69695
1.71423
1.70047
1.71265
1.73302
1.71914
1.71477
1.71119
1.68682
1.72099
1.71762
1.71492
1.69967
1.71271
1.72668
1.74665
1.67454
1.74576
1.71986
1.71182
1.71318
1.7255
1.71714
1.72092
1.73654
1.70214
1.69507
1.75737
1.76041
1.72344
1.73432
1.70194
1.69553
1.68635
1.689
1.72018
1.7885
1.7082
1.69393
1.71494
1.69375
1.72412
1.74701
1.72368
1.72936
1.71552
1.73639
1.7005
1.7319
1.71956
1.67386
1.69026
1.70351
1.69604
1.68335
1.72033
1.70243
1.70448
1.72942
1.69727
1.71102
1.70652
1.7127
1.71149
1.68777
1.71674
1.74075
1.68805
1.72612
1.72195
1.7167
1.75344
1.70474
1.7028
1.72878
1.75008
1.70146
1.71847
1.6685
1.7242
1.71743
1.67896
1.6692
1.72176
1.71716
1.71127
1.67362
1.70917
1.72388
1.73487
1.72671
1.72644
1.65414
1.65793
1.68594
1.6103
1.51453
1.50379
1.54298
1.52388
1.70082
1.68936
1.68073
1.5898
1.63162
1.6588
1.65521
1.68461
1.6482
1.68659
1.68596
1.66888
1.6612
1.66611
1.64842
1.71086
1.69343
1.69112
1.64863
1.72427
1.69601
1.66342
1.64757
1.59591
1.70241
1.69376
1.7188
1.70575
1.69983
1.69212
1.67152
1.72977
1.69849
1.71733
1.68761
1.74909
1.75185
1.6846
1.69351
1.67326
1.69202
1.72425
1.73274
1.68444
1.72468
1.66303
1.70716
1.70232
1.74556
1.71424
1.69012
1.70805
1.7222
1.58393
1.51449
1.54059
1.5306
1.53604
1.54242
1.53729
1.54371
1.55306
1.56705
1.55375
1.5575
1.51471
1.5096
1.55402
1.73904
1.66574
1.6015
1.70911
1.64012
1.60081
1.87519
1.64734
1.68142
1.70658
1.69621
1.67708
1.66016
1.71032
1.68417
1.67146
1.72669
1.75739
1.68648
1.69876
1.74157
1.69582
1.64196
1.73256
1.72292
1.68997
1.72094
1.67183
1.70128
1.66765
1.72797
1.69634
1.70398
1.6986
1.74655
1.73325
3.2115
1.71473
1.80002
1.75272
1.69815
1.61798
1.61703
1.62091
1.63505
1.61683
1.59157
1.6882
1.68985
1.65333
1.57902
1.70278
1.65544
1.65436
1.70918
1.67307
1.70021
1.68331
1.70685
1.66108
1.72884
1.69756
1.68389
1.69877
1.7094
1.69113
1.67988
1.67652
1.70488
1.67402
1.68037
1.70504
1.6939
1.71715
1.68285
1.66254
1.68491
1.67551
1.68821
1.68907
1.75635
1.75791
1.69006
1.60717
1.53111
1.54449
1.54998
1.51249
1.53961
1.53154
1.54444
1.5097
1.61619
1.52189
1.51806
1.54031
1.59612
1.55032
1.6804
1.64264
1.66688
1.5971
1.72429
1.77793
1.69325
1.75172
1.66418
1.76086
1.76559
1.74575
1.69656
1.63431
1.64668
1.65179
1.7164
1.69232
1.65371
1.69551
1.72156
1.7041
1.71506
1.67533
1.73912
1.69489
1.67414
1.70924
1.63496
1.70159
1.6667
1.73858
1.70381
1.71872
1.72072
1.6862
1.68935
1.68369
1.76474
1.63916
1.70552
1.7442
1.66875
1.71763
1.69312
1.69724
1.68023
1.72211
1.7156
1.71026
1.73653
1.73087
1.69751
1.74162
1.70059
2.27812
1.85131
1.81489
1.73143
1.67118
1.69628
1.66239
1.66271
1.67741
1.68345
1.66103
1.70578
1.69151
1.75687
1.77295
1.68989
1.7315
1.72186
1.7227
1.73765
1.72536
1.69067
1.71625
1.7427
1.65382
1.69419
1.74997
1.72191
1.69484
1.73875
1.64985
1.68974
1.72467
1.70207
1.71598
1.67183
1.69706
1.70456
1.71937
1.64302
1.74751
1.72974
1.72816
1.70002
1.73031
1.71983
1.72024
1.72024
1.69875
1.70951
1.7247
1.70086
1.70246
1.70563
1.68972
1.70809
1.7057
1.70296
1.68313
1.68317
1.66165
1.70827
1.64792
1.7333
1.66302
1.7115
1.71302
1.66285
1.69594
1.69062
1.69302
1.68239
1.73279
1.71227
1.71948
1.74265
1.73602
1.64646
1.68894
1.70746
1.67454
1.68732
1.70456
1.67699
1.71871
1.687
1.7486
1.66653
1.71886
1.63758
1.64661
1.70625
1.66749
1.72264
1.72894
1.73123
1.72382
1.7189
1.73698
1.72915
1.72484
1.70872
1.67769
1.72816
1.69867
1.7172
1.74854
1.7404
1.71167
1.71845
1.7259
1.738
1.70086
1.70691
1.68508
1.68146
1.69343
1.68954
1.71566
1.71958
1.69554
1.71056
1.68649
1.68101
1.65985
1.70985
1.71626
1.69529
1.68726
1.73359
1.69755
1.73131
1.69076
1.696
1.69008
1.71481
1.66402
1.69695
1.66206
1.68704
1.69341
1.68986
1.681
1.6983
1.68366
1.72899
1.67698
1.67901
1.71432
1.7244
1.74479
1.71435
1.67378
1.70786
1.80032
1.70363
1.70333
1.61148
1.6453
1.54506
1.64873
1.62633
1.62565
1.67699
1.68664
1.6934
1.67278
1.70619
1.66415
1.69934
1.68169
1.639
1.61902
1.53224
1.51198
1.53373
1.53947
1.53876
1.54724
1.81547
1.71072
1.67504
1.66918
1.61716
2.04814
1.67848
1.61966
1.67789
1.81139
1.75222
1.6804
1.71242
1.65896
1.71041
1.67756
1.73733
1.73835
1.68885
1.72645
1.68312
1.69877
1.68077
1.72684
3.05106
1.72172
1.71104
1.74053
1.71871
1.72881
1.72768
1.77422
1.71703
1.7683
1.74323
1.76498
1.78313
1.72574
1.7541
1.79401
1.73401
1.77056
1.71031
1.72719
1.7396
1.74493
1.73157
1.7615
1.74191
1.79893
1.72591
1.77452
1.72663
1.7609
1.74123
1.74476
1.7441
1.74514
1.75379
1.72882
1.74871
1.78422
1.77611
1.74917
1.7663
1.8169
1.8061
1.72621
1.74747
1.70441
1.68737
1.70942
1.69902
1.75295
1.76165
1.67642
1.68357
1.71152
1.65966
1.67671
1.74592
1.74401
1.70029
1.75401
1.71596
1.7329
1.67573
1.6596
1.64307
1.62239
1.52113
1.49791
1.53623
1.52707
1.53661
1.53028
1.53445
1.49278
1.51269
1.49571
1.53755
1.50418
1.52666
1.53532
1.54659
1.49695
1.52034
1.52963
1.48568
1.56163
1.4944
1.70473
1.65296
1.64977
1.5924
1.64989
1.70343
1.70442
1.72528
1.73575
1.72577
1.7518
1.69421
1.71541
1.68533
1.70616
1.6621
1.66653
1.64619
1.6367
1.5539
1.53279
1.5105
1.52026
1.56719
1.5238
1.55259
1.51289
1.55546
1.54113
1.49984
1.53229
1.52021
1.53668
1.52131
1.55743
1.53151
1.55909
1.57037
1.53767
1.53145
1.51843
1.52985
