Intel(R) Arc(TM) A770 Graphics, Driver version: 101.6734
27.3169
0.9208
0.9381
0.9587
0.9113
0.9341
0.9293
0.9113
1.968
0.9266
0.9304
0.9118
0.9426
0.8264
0.9319
0.927
2.0043
0.9229
0.9457
0.9635
0.8181
0.9529
0.9269
0.9186
1.9727
2.1496
0.8401
0.8192
0.9543
0.9322
0.9379
0.9282
1.9986
1.2712
0.934
0.9248
0.9534
0.9495
0.8202
0.9381
2.0006
0.9485
0.8307
0.9544
0.9656
0.9238
0.9367
0.9298
1.9649
0.9438
0.9352
0.944
0.9269
0.8376
0.93
0.9255
2.0229
0.9373
0.9582
0.9395
0.9322
0.9626
1.0138
0.8781
0.94
0.919
0.9261
0.9231
0.9451
0.9213
0.9218
0.9217
0.9347
0.9562
0.9531
0.9238
0.9226
0.9123
1.1295
0.9179
0.9214
0.9202
0.9342
0.9342
0.9243
2.1005
1.2226
0.9348
0.9401
0.8197
0.9228
0.9351
0.9319
0.9438
0.8154
0.9393
0.8226
0.8303
0.9268
0.9348
0.8194
0.8169
0.9342
0.924
0.8274
0.9379
0.9607
0.9243
0.9228
0.9258
0.9469
0.8391
0.9355
0.9408
0.9446
0.9259
0.9431
0.9401
1.7131
1.0635
0.9331
0.9347
0.9195
0.932
0.9339
0.9346
0.8654
1.2732
0.9303
0.8196
0.9253
0.9359
0.9547
0.9128
0.9214
0.9535
0.9595
0.9311
0.924
0.9232
0.9438
0.9191
0.9443
0.9477
0.9326
0.9559
0.9257
0.9135
0.9333
0.7991
0.7932
0.8026
0.7895
0.8031
0.7988
0.8056
0.7962
0.7945
0.7956
0.8012
0.8038
0.8118
0.7973
0.8074
0.8029
0.8082
0.803
0.8013
0.8129
0.818
0.8139
0.8171
0.8031
0.8191
0.8148
0.8174
0.8232
0.8202
0.8261
0.8461
0.8372
0.8474
0.8386
0.8333
0.8351
0.8395
0.8366
0.8378
0.823
0.849
0.9034
0.8346
0.7826
0.7881
0.7812
0.7866
0.7785
0.7827
0.7814
0.7921
0.7852
0.794
0.7875
0.7925
0.7889
0.7906
0.7866
0.7926
0.7914
0.7968
0.7913
0.7949
0.7902
0.7955
0.7839
0.7968
0.7971
0.8011
0.7988
0.8008
0.7902
0.7958
0.797
0.8028
0.7961
0.8078
0.8105
0.9025
1.2379
0.8392
1.2694
0.8135
0.8137
0.8203
0.803
0.82
0.817
0.8244
0.8051
0.8188
0.8153
0.8295
0.8254
0.8307
0.8262
0.8215
0.8255
0.829
0.8319
0.8381
0.8316
0.8282
0.8334
0.8385
0.8372
0.8451
0.7786
0.7809
0.7798
0.7846
0.7802
0.7834
0.7798
0.7849
0.7888
0.7962
0.7808
0.7949
0.787
0.7922
0.7865
0.7919
0.7899
0.7981
0.7919
0.7961
0.7918
0.8002
0.7925
0.7967
0.7976
0.801
0.7961
0.8034
0.7957
0.8022
0.7983
0.8028
0.8031
0.8073
0.7941
0.8066
0.8043
0.8143
0.7961
0.8109
0.8135
0.8194
0.8121
0.8204
0.8123
0.8095
0.8141
0.8214
0.848
0.8262
0.8165
0.8319
0.8264
0.8302
0.8237
0.8295
0.8299
0.9913
0.9202
1.1217
0.8339
0.8358
0.84
0.8353
0.7851
0.7756
0.7857
0.783
0.7853
0.7806
0.7853
0.7792
0.7896
0.7908
0.802
0.7811
0.7918
0.7869
0.7916
0.7862
0.7991
0.7941
0.7955
0.7923
0.7897
0.7965
1.6594
0.8669
1.2583
0.7949
0.8002
0.7911
0.8125
0.7988
0.8019
0.7977
0.8085
0.8045
0.8089
0.8028
0.806
0.7955
0.8076
0.8018
0.8188
0.8109
0.8094
0.8136
0.8223
0.8138
0.8179
0.8119
0.8272
0.8173
0.8207
0.8247
0.8313
0.8163
0.8304
0.825
0.8382
0.8343
0.836
0.8245
0.8396
0.8332
0.836
0.8316
0.7816
0.7811
0.788
0.7805
0.7855
0.7802
0.785
0.7794
0.7906
0.7839
0.7906
0.7861
0.7923
0.7905
0.7911
0.7873
0.8018
0.7925
0.7922
0.7922
0.7954
0.7929
0.8048
0.7852
0.7958
0.8232
0.8033
0.7906
0.8026
0.8093
0.8195
0.797
0.8074
0.8025
0.8624
0.8
0.8084
0.8063
0.8068
0.8026
0.8092
0.8117
0.8176
0.8151
0.8176
0.8066
0.8189
0.814
0.8297
0.8435
0.835
0.816
0.8306
0.827
0.8298
0.8258
0.8261
0.8343
0.836
0.8417
0.8637
0.837
0.8429
0.8334
0.7991
0.9212
0.7885
0.791
0.7787
0.7861
0.7992
0.7926
1.6159
0.8434
1.2635
0.7872
0.7875
0.7938
0.7858
0.7921
0.792
0.7968
0.7907
0.814
0.808
0.8009
0.7923
0.7968
0.7977
0.803
0.7983
0.805
0.795
0.8014
0.7965
0.8027
0.8166
0.8126
0.7979
0.8126
0.8066
0.8021
0.7945
0.8083
0.8133
0.8098
0.8144
0.8161
0.814
0.8211
0.8084
0.8186
0.8252
0.8313
0.8252
0.8238
0.8382
0.8267
0.8251
0.831
0.8331
0.8265
0.8324
0.838
0.8327
0.8395
0.8321
0.8313
0.7899
0.7905
0.7767
0.7843
0.7821
0.7906
0.7845
0.8008
0.7873
0.7909
0.7854
0.7928
0.7863
0.7913
0.785
0.7912
0.7909
0.8135
0.7889
0.816
0.7919
0.7966
0.7908
0.7987
0.8132
0.8025
0.8095
0.8256
0.7994
0.8057
0.7994
0.8099
0.8042
0.8097
0.8043
0.8298
0.8201
0.8096
0.8208
0.8008
0.8348
0.8182
0.8149
0.8264
0.8043
0.8377
0.813
0.8196
0.8435
0.8291
0.8148
0.8307
0.8247
0.8475
0.8435
0.8328
0.8261
0.9735
0.8287
0.8326
0.8543
0.8338
0.8566
0.9666
0.781
0.8023
0.7807
0.8049
0.7802
0.786
0.7983
0.8032
0.7887
0.7927
0.7863
0.8094
0.8046
0.7915
0.7863
0.7933
0.7941
0.8207
0.7855
0.8071
0.7912
0.7969
0.7963
0.8119
0.7892
0.8011
0.7965
0.8161
0.7959
0.7985
0.8111
0.801
0.804
0.9787
1.2782
0.9515
1.2631
0.8235
0.8023
0.8096
0.8145
0.8097
0.8143
0.8258
0.8134
0.8193
0.8056
0.8194
0.8273
0.8303
0.8252
0.8204
0.8156
0.8344
0.8344
0.839
0.8515
0.844
0.8345
0.8384
0.8499
0.8391
0.8379
0.8282
0.7925
0.787
0.7823
0.8017
0.9768
0.8023
0.7907
0.7814
0.7948
0.8051
0.7877
0.8046
0.7934
0.7872
0.7912
0.7873
0.8149
0.8091
0.7976
0.7901
0.8087
0.8088
0.7987
0.7925
0.8028
0.8075
0.8197
0.7999
0.8107
0.791
0.7958
0.7988
0.8097
0.8047
0.8077
0.7956
0.8074
0.8027
0.8253
0.8042
0.841
0.814
0.8187
0.9902
1.2596
0.868
1.2451
0.8299
0.8467
0.8255
0.8513
0.8246
0.8251
0.8438
0.8484
0.8265
0.8387
0.8517
0.8289
0.8505
0.839
0.8325
0.8382
0.8484
0.8025
0.7982
0.8078
0.7853
0.7958
0.7872
1.0305
0.8112
0.8122
0.7927
0.7837
0.8106
0.7826
0.7933
0.7877
0.7981
0.7969
1.7084
0.84
1.2614
0.7954
0.8159
0.8107
0.7968
0.7984
0.8009
0.8158
0.8014
0.7979
0.7986
0.8174
0.803
0.8232
0.825
0.8157
0.8061
0.8194
0.8277
0.8378
0.8067
0.8177
0.8169
0.8147
0.818
0.8311
0.8092
0.8152
0.8343
0.8265
0.8298
0.8365
0.84
0.8515
0.8286
0.836
0.845
0.8239
0.8388
0.8345
0.8371
0.8338
0.8367
0.8209
0.8262
0.7816
0.7843
0.7811
0.7881
0.7817
0.7847
0.7827
0.7847
0.7869
0.8228
0.788
0.8131
0.8106
0.8042
0.7864
0.7913
0.7928
0.7945
0.7843
0.7949
0.7919
0.7968
0.808
0.8059
0.8006
0.8047
0.8137
0.8043
0.7916
0.8217
0.8176
0.8057
0.7946
0.7998
0.8032
0.8067
0.804
0.8073
0.7996
0.808
0.8138
0.8154
0.8124
0.8271
0.8146
0.8182
0.8304
0.8184
0.8247
0.82
0.8325
0.8573
0.8191
0.8199
0.8259
0.8192
0.8353
0.8384
0.8339
0.8377
0.8313
0.828
0.8441
0.861
0.94
1.864
1.0484
1.444
0.882
0.7897
0.8005
0.801
0.7862
0.7912
0.7869
0.8226
0.7878
0.7924
0.8044
0.7907
0.7923
0.8139
0.7834
0.7956
0.7944
0.8183
0.7986
0.7912
0.7975
0.82
0.7994
0.8228
0.8093
0.821
0.7976
0.8012
0.8228
0.8091
0.8027
0.8236
0.8047
0.8406
1.6438
0.8588
1.2521
0.8172
0.816
0.8365
0.8127
0.8366
0.8048
0.8189
0.8259
0.8299
0.8246
0.8291
0.834
0.8301
0.8276
0.8464
0.8321
0.8494
0.8277
0.8399
0.8344
0.8388
0.8317
0.8256
0.7766
0.8031
0.7788
0.8012
0.7803
0.7858
0.7805
0.7846
0.8025
0.7926
0.7924
0.8119
0.7856
0.8033
0.7858
0.8087
0.7909
0.7962
0.7904
0.7909
0.8087
0.7974
0.8111
0.7976
0.7908
0.8009
0.8141
0.8205
0.7983
0.7974
0.8104
0.8061
0.7963
0.8144
0.7967
0.8094
0.8028
0.8089
0.8031
0.7993
0.8126
0.8164
0.8134
0.8169
0.8037
0.8193
0.8117
0.834
0.8401
0.8472
0.8162
0.838
0.8382
0.8483
0.8395
0.8316
0.8529
0.8803
0.9609
0.8405
0.8852
0.8497
0.8692
0.8409
0.7872
0.7831
0.7854
0.7822
0.7872
0.7817
0.7878
0.7875
0.7901
0.7862
0.7922
0.7863
0.7949
0.7875
0.7912
0.789
0.7988
0.7917
0.8181
0.7876
0.8132
0.7937
0.7972
1.0011
1.2632
0.8267
1.274
0.8051
0.792
0.8057
0.7905
0.8016
0.8085
0.8087
0.8029
0.8041
0.8029
0.8081
0.8017
0.8077
0.8105
0.8194
0.8134
0.8202
0.8203
0.826
0.8311
0.8188
0.8271
0.8318
0.8241
0.8212
0.8244
0.8319
0.8266
0.8298
0.8222
0.8274
0.8349
0.8426
0.8403
0.8284
0.8244
0.8327
0.7823
0.7871
0.7809
0.7846
0.7801
0.7852
0.798
0.8036
0.7873
0.7916
0.7851
0.7914
0.7852
0.7904
0.7866
0.7925
0.7919
0.8008
0.7897
0.7995
0.7967
0.7905
0.7925
0.7981
0.7965
0.803
0.7978
0.8024
0.7972
0.8034
0.7967
0.8365
0.8034
0.8083
0.8019
0.8107
0.8021
0.8051
0.7968
0.8054
0.8141
0.8196
0.8124
0.8097
0.8153
0.8173
0.814
0.8171
0.8156
0.8302
0.8251
0.8304
0.8236
0.8291
0.8155
0.8509
0.8333
0.8575
0.9872
0.8927
0.8248
0.8236
0.8395
0.8322
0.7862
0.7809
0.7844
0.7787
0.7837
0.7839
0.7852
0.7806
0.7918
1.3726
1.2429
0.837
1.2325
0.7893
0.7869
0.7936
0.7933
0.7978
0.7913
0.79
0.7906
0.796
0.7901
0.7979
0.7912
0.8036
0.7971
0.8045
0.8006
0.7927
0.7972
0.8067
0.8036
0.8075
0.7953
0.8082
0.8025
0.8084
0.8023
0.7989
0.8118
0.8178
0.814
0.8184
0.8216
0.8384
0.8227
1.6752
0.8687
1.2574
0.8195
0.8359
0.8169
0.8319
0.8251
0.8325
0.8342
0.8273
0.8338
0.8373
0.8337
0.8389
0.8323
0.8268
0.7975
0.783
0.7984
0.7932
0.7766
0.788
0.7839
0.784
0.7864
0.7907
0.7855
0.7921
0.787
0.7914
0.7862
0.7904
0.7926
0.795
0.7943
0.8016
0.7916
0.7971
0.7912
0.7969
0.7906
0.8036
0.7972
0.8018
0.7909
0.8021
0.7966
0.8009
0.8024
0.7988
0.8034
0.8082
0.8028
0.8069
0.7961
0.8129
0.8123
0.8087
0.8268
0.8363
0.8233
0.8311
0.8164
0.824
0.8309
0.8333
0.8244
0.8224
0.8173
0.8331
0.8312
0.873
0.838
0.8411
0.8367
0.8464
0.9002
0.8349
0.823
0.8371
0.7815
0.8051
0.7795
0.7864
0.7802
0.7857
0.7788
0.7848
0.7864
0.7909
0.8113
0.8014
0.7882
0.7903
0.7871
0.7931
0.7947
0.796
0.7969
0.7966
0.7923
0.7966
0.7885
0.7981
0.798
0.802
0.7949
0.7962
0.7964
0.802
0.7972
0.7984
0.7975
2.0094
0.848
1.2632
0.8091
0.8089
0.8055
0.8088
0.8149
0.8077
0.8321
0.8342
0.8144
0.8183
0.806
0.8179
0.8275
0.8303
0.8259
0.8278
0.8177
0.8369
0.8288
0.8297
0.8338
0.8245
0.8246
0.8569
0.8424
0.8382
0.8342
0.8249
0.7776
0.7856
0.7823
0.8008
0.8001
0.788
1.6677
0.8256
0.806
0.788
0.8071
0.7866
0.7907
0.7869
0.791
0.8055
0.7953
0.8092
0.7965
0.7923
0.795
0.7939
0.7951
0.7933
0.8024
0.802
1.2654
0.7988
0.791
0.8023
0.7979
0.8022
0.8031
0.8093
0.8057
0.808
0.7957
0.8077
0.804
0.8077
0.8328
0.8246
0.8166
0.817
0.8154
0.8353
0.9775
0.8134
0.8322
0.844
0.8463
0.8301
0.8293
0.817
0.8306
0.8275
0.8386
0.8352
0.8363
0.8237
0.8388
0.8333
0.8371
0.8348
0.794
0.7764
0.7848
0.7815
0.7843
0.7982
0.8023
0.78
0.7899
0.7862
0.7903
0.7848
0.7905
0.7886
0.7902
0.788
0.8154
1.6751
0.8612
1.2535
0.7926
0.7926
0.7957
0.7944
0.8045
0.7981
0.802
0.8088
0.8013
0.7971
0.8008
0.7977
0.7987
0.8052
0.8103
0.8037
0.808
0.8013
0.7995
0.8169
0.8216
0.8316
0.8094
0.8151
0.8184
0.8137
0.8162
0.8046
0.8311
0.8273
0.8305
0.8272
0.8294
0.8232
0.8202
0.8285
0.8433
0.8233
0.8417
0.823
0.8394
0.8353
0.8607
0.8332
0.7807
0.7786
0.7849
0.7824
0.783
0.7801
0.8002
0.7994
0.7908
0.7872
0.808
0.7903
0.7858
0.7814
0.7897
0.787
0.7965
0.7913
0.797
0.7943
0.7901
0.8076
0.7959
0.8105
0.8034
0.7918
0.8029
0.8134
0.805
0.8146
0.8017
0.8197
0.8144
0.8089
0.8088
0.8087
0.9033
0.8082
0.8054
0.8027
0.8137
0.8088
0.8132
0.843
0.831
0.8178
0.8054
0.8176
0.8243
0.8506
0.8302
0.8388
0.833
0.8507
0.8257
0.8312
0.8348
0.8403
0.8238
0.8381
0.8308
0.8404
0.834
0.827
0.7776
0.788
0.7865
1.6671
0.8297
1.2826
0.7991
0.8043
0.7866
0.7983
0.7876
0.7925
0.7873
0.7909
0.7875
0.7905
0.8088
0.7962
0.7915
0.8121
0.7913
0.7892
0.8116
0.8196
0.7908
0.8025
0.7904
0.8059
0.7959
0.8195
0.8147
0.7945
0.803
0.8244
0.8194
0.8062
0.8029
0.8081
0.8416
0.8379
0.835
0.8196
0.8302
0.8348
0.8166
0.8184
0.8134
0.818
0.8154
0.8314
0.8264
0.8333
0.8429
0.8419
0.8268
0.8574
0.9598
0.8421
0.8251
0.843
0.8532
0.8427
0.8383
0.8345
0.7855
0.798
0.8004
0.7826
0.7836
0.78
0.7835
0.7808
0.793
0.8052
0.7903
0.79
0.8047
0.8152
0.7955
0.7907
0.7979
0.7918
0.7966
0.7938
0.8153
0.8115
0.7962
0.7915
0.8004
0.7966
0.8008
0.7982
0.8039
0.7969
0.8013
0.7972
0.8063
0.8063
0.8375
0.938
0.8187
0.8186
0.8045
0.8072
0.8312
0.8358
0.8142
0.8094
0.8172
0.8343
0.8131
0.8166
0.8336
0.8486
0.8277
0.8467
2.0442
1.2656
0.8525
0.8283
0.8379
0.8357
0.8477
0.8332
0.8363
0.8504
0.8383
0.8337
0.7824
0.7985
0.8033
0.7897
0.7863
0.8
0.788
0.7825
0.81
0.7862
0.8068
0.7873
0.81
0.7881
0.7911
0.7874
0.7956
0.7928
0.8137
0.7956
0.7896
0.7908
0.797
0.7944
0.8379
1.6522
0.847
1.2384
0.8229
0.8076
0.82
0.7973
0.7986
0.8042
0.8088
0.8031
0.8066
0.7945
0.8177
0.8295
0.8212
0.816
0.8296
0.8108
0.8277
0.807
0.8356
0.8138
0.8203
0.8411
0.8292
0.8439
0.8294
0.8253
0.8207
0.844
0.8381
0.8479
0.838
0.8506
0.8274
0.8372
0.8954
0.8411
0.7962
0.7869
0.7841
0.7835
0.7972
0.8007
0.7806
0.7853
0.787
0.7914
0.8046
0.7897
0.7876
0.7901
0.7871
0.7894
0.8125
0.7982
0.7865
0.7921
0.792
0.7953
0.7912
0.7977
0.7972
0.836
0.7914
0.822
0.7976
0.8012
0.7985
0.7953
0.804
0.8097
0.8201
0.8285
0.8397
1.6329
0.8582
1.2754
0.9311
0.8397
0.8108
0.8073
0.8054
0.8183
0.8148
0.8182
0.8259
0.8477
0.8342
0.8284
0.8278
0.8601
0.8512
0.829
0.8256
0.8394
0.834
0.8383
0.8519
0.856
0.8232
0.8397
0.7963
0.7865
0.7968
0.8019
0.7809
0.7851
0.7791
0.8014
0.8056
1.6709
0.8472
1.2484
0.7915
0.7915
0.7888
0.7918
0.8101
0.795
0.7922
0.7955
0.8038
0.7973
0.7922
0.7948
0.8132
0.8041
0.8084
0.8333
0.8125
0.7951
0.8097
0.8013
0.8214
0.8113
0.8041
0.7989
0.8054
0.8074
0.8025
0.8065
0.8049
0.8185
0.8314
0.846
0.8747
0.8289
0.81
0.8221
0.8274
0.8328
0.8274
0.8476
0.8343
0.83
0.8259
0.8308
0.8337
0.8484
0.8405
0.8402
0.8359
0.8373
0.8363
0.8494
0.7781
0.7852
0.7818
0.8007
0.7816
0.7838
0.7792
0.7835
0.7865
0.8041
0.7862
0.7916
0.7876
0.8084
0.7857
0.7899
0.809
0.7982
0.8132
0.7941
0.8065
0.7971
0.7942
0.7955
0.8131
0.8216
0.7987
0.8009
0.7978
0.7933
0.7985
0.8014
0.802
0.8239
0.8133
0.8064
0.8043
0.8079
0.8452
0.9485
0.8113
0.8364
0.8336
0.8184
0.8127
0.8343
0.8041
0.8343
0.8242
0.833
0.825
0.819
0.8147
0.8299
0.823
0.8313
0.8542
0.8303
0.8558
2.0051
1.2721
0.8283
0.8392
0.8332
0.7892
0.7823
0.7859
0.7819
0.7852
0.779
0.7825
0.7799
0.7942
0.8088
0.8052
0.7859
0.8101
0.8047
0.7932
0.7847
0.7972
0.7883
0.7982
0.8113
0.7966
0.8086
0.7894
0.8065
0.8195
0.8166
0.8019
0.8056
0.8029
0.8036
0.819
1.6485
0.8559
1.2572
0.8029
0.8044
0.8088
0.8047
0.8243
0.7941
0.8186
0.83
0.8174
0.8123
0.8239
0.8194
0.8612
0.8187
0.8239
0.8575
0.8219
0.8263
0.8513
0.8263
0.8306
0.8264
0.8443
0.8604
0.8394
0.8329
0.838
0.8324
0.828
0.8325
0.8024
0.7808
0.7923
0.7794
0.783
0.78
0.7866
0.7804
0.7951
0.7862
0.7909
0.7852
0.8093
0.7861
0.7909
0.7883
0.7974
0.8078
0.7975
0.7902
0.7949
0.7928
0.8078
0.8128
0.8072
0.8031
0.8179
0.804
0.8427
0.8041
0.8055
0.7912
0.8088
0.8007
0.8098
0.8211
0.8084
0.8197
0.8005
0.801
0.8197
0.8213
0.8216
0.9188
0.8272
0.8204
0.8159
0.8199
0.845
0.8495
0.8332
0.8301
0.8256
0.8303
0.8277
0.8206
0.8412
0.8555
0.8553
0.8603
0.8246
0.8376
0.8234
0.8401
0.7826
0.7851
0.7805
0.7844
0.7797
0.7845
0.7816
0.7851
0.7869
0.7909
0.8034
0.788
0.7875
0.7947
0.793
0.8025
1.0062
1.2758
0.8463
1.2705
0.7998
0.8088
0.813
0.7842
0.803
0.8145
0.8193
0.7969
0.804
0.7986
0.8021
0.8001
0.8183
0.8223
0.8045
0.7956
0.8008
0.8026
0.807
0.7949
0.8179
0.8168
0.8172
0.8125
0.8353
0.8158
0.8367
0.8125
0.8303
0.815
0.8304
0.8175
0.8226
0.8267
0.8373
0.816
0.8563
0.8347
0.8379
0.8344
0.8405
0.842
0.837
0.8586
0.802
0.8028
0.7826
0.7851
0.7796
0.7859
0.7904
0.7975
0.7872
0.7909
0.787
0.7948
0.7894
0.7918
0.7872
0.7912
0.7923
0.7956
0.7922
0.8153
0.808
0.795
0.7849
0.7942
0.7969
0.8208
0.8138
0.8192
0.8074
1.0891
0.852
0.8046
0.8129
0.814
0.8004
0.8165
0.8075
0.7995
0.8078
0.8
0.8319
0.8298
0.8181
0.8048
0.8191
0.8073
0.8194
0.8133
0.8307
0.8256
0.8242
0.8263
0.8305
0.8258
0.8297
0.8254
0.8274
0.8336
0.8369
0.8326
0.8377
0.8326
0.827
0.833
0.7883
0.7817
1.6546
0.8819
1.2792
0.7874
0.7871
0.7808
0.794
0.7861
0.7926
0.7871
0.7943
0.7868
0.7916
0.7993
0.7983
0.7988
0.7915
0.7938
0.7981
0.7911
0.7966
0.8085
0.7951
0.8141
0.8017
0.7969
0.8011
0.7889
0.8014
0.7963
0.8093
0.8016
0.8026
0.8027
0.8093
0.803
0.8193
0.8035
0.8093
0.8147
0.819
0.8128
0.8178
0.8049
0.8204
0.8137
0.8307
0.8241
0.82
0.8253
0.8307
0.8252
0.8331
0.8334
0.8282
0.8335
0.8415
0.8337
0.8383
0.8324
0.8268
0.8371
0.7868
0.7774
0.789
0.7811
0.7851
0.7801
0.7835
0.7802
0.7908
0.7863
0.7965
0.7818
0.791
0.7865
0.7991
0.7884
0.798
0.7906
0.7967
0.7953
0.7982
0.7911
0.7913
0.7932
0.8014
0.7959
0.801
0.7886
0.8
0.8133
0.83
0.8196
0.8101
0.8051
0.8094
0.8285
0.9475
0.8067
0.8073
0.8011
0.8156
0.8183
0.8142
0.8135
0.8133
0.8183
0.8149
0.8161
0.8263
0.8223
0.8253
0.8306
1.0066
1.2595
0.8583
1.2811
0.8499
0.8356
0.8402
0.8343
0.8378
0.8221
0.8392
0.8351
0.785
0.7833
0.796
0.778
0.7862
0.7817
0.7861
0.7794
0.7937
0.7874
0.7917
0.7846
0.7909
0.7857
0.792
0.7865
0.7974
0.7913
0.7968
0.7891
0.7982
0.7933
0.7918
0.7939
0.8014
0.7977
0.8001
0.801
0.802
0.7974
0.8026
0.7897
0.8095
0.8023
0.8071
0.8014
0.7994
0.8033
0.8081
0.8203
0.8407
0.8057
0.8197
0.8131
0.8192
0.8131
0.8258
0.8079
0.8332
0.8247
0.8302
0.829
0.8324
0.8406
0.8335
0.8238
0.8295
0.8327
0.829
0.8287
0.84
0.8348
0.8369
0.8316
0.7832
0.7841
0.7875
0.7795
0.7848
0.7803
0.7836
0.779
0.7915
0.7862
0.7898
0.786
0.7906
0.7892
0.7978
0.7807
0.7979
0.7906
0.7957
0.7904
0.7966
0.7914
0.7959
0.792
0.8023
0.797
0.8023
0.7966
0.8173
0.7877
0.8004
0.7951
0.8105
0.8338
0.9279
0.8028
0.8138
0.8036
0.8242
1.908
0.8522
1.2594
0.8124
0.8153
0.8189
0.8146
0.8188
0.8137
0.991
0.8407
0.8298
0.8314
0.8265
0.8299
0.824
0.8199
0.837
0.8399
0.8367
0.8377
0.8321
0.826
0.8332
0.8368
0.7822
0.7869
0.7815
0.7837
0.7822
0.7906
0.7775
0.7844
0.7874
0.7896
0.7896
0.9601
1.2679
0.8346
0.7908
0.7829
0.7941
0.7929
0.7985
0.7909
0.7963
0.7945
0.7976
0.7937
1.2523
0.8037
0.8045
0.7956
0.7995
0.8009
0.803
0.7944
0.7982
0.8079
0.805
0.808
0.8053
0.799
0.8022
0.8064
0.813
0.816
0.8114
0.8243
0.8174
0.8084
0.8139
0.8077
0.8251
0.8314
0.8318
0.821
0.8261
0.8195
0.8272
0.8295
0.8347
0.838
0.8221
0.8251
0.8339
0.8402
0.8234
0.8392
0.7782
0.7857
0.7847
0.7853
0.7805
0.7835
0.7811
0.7834
0.7875
0.7907
0.7863
0.792
0.8135
0.8015
0.7827
0.797
0.7925
0.7895
0.8
0.7894
0.7927
0.7957
0.792
0.7975
0.793
0.8117
0.7956
0.8
0.7995
0.8022
0.798
0.8001
0.8048
0.8065
0.8056
0.8225
0.8167
0.8127
0.8065
0.8122
0.9056
0.8184
0.8173
0.8157
0.8055
0.8174
0.8055
0.8167
0.8256
0.8289
0.8263
0.8216
0.8322
0.8237
0.8176
0.8297
0.8354
0.8281
0.8326
0.8371
0.8335
0.8373
0.8925
1.7843
0.8301
1.2589
0.7882
0.7817
0.7865
0.7866
0.7807
0.7815
0.7923
0.7866
0.7913
0.7866
0.7895
0.7879
0.7915
0.7866
0.7965
0.7919
0.7964
0.7942
0.7956
0.7927
0.7956
0.7931
0.8095
0.7898
0.8021
0.7996
0.8027
0.798
0.7951
0.8003
0.8062
0.8045
0.9956
1.6133
0.8508
1.253
0.8037
0.8037
0.8171
0.8194
0.8249
0.8039
0.8187
0.8155
0.8193
0.8138
0.8204
0.8269
0.8295
0.827
0.8286
0.8266
0.8206
0.8266
0.839
0.8336
0.8376
0.832
0.8282
0.8355
0.8266
0.8228
0.7856
0.7807
0.7833
0.781
0.7833
0.7806
0.7828
0.7822
0.7962
0.7881
0.7897
0.7869
0.7902
0.7863
0.7899
0.7887
0.802
0.7899
0.792
0.7943
0.7952
0.7915
0.7964
0.7917
0.802
0.7912
0.8018
0.7966
0.8187
0.8035
0.7956
0.8001
0.8081
0.8053
0.8129
0.824
0.9709
0.8031
0.81
0.8046
0.8164
0.803
0.8187
0.8154
0.819
0.8137
0.8267
1.6379
0.8768
1.2506
0.8313
0.8272
0.8356
0.8177
0.821
0.8249
0.84
0.8341
0.8391
0.8338
0.8264
0.8316
0.8388
0.834
0.7854
0.7799
0.7857
0.7804
0.7839
0.7775
0.7871
0.7855
0.7913
0.7886
0.7936
0.7865
0.7926
0.7847
0.7906
0.7868
0.7968
0.7913
0.8132
0.7932
0.7958
0.792
0.7971
0.7907
0.8015
0.7914
0.8112
0.7997
0.8027
0.7954
0.7947
0.7978
0.8081
0.8035
0.8077
0.7954
0.8087
0.8025
0.8081
0.8019
0.8127
0.8039
0.8181
0.8119
0.8196
0.8342
0.8112
0.8138
0.8312
0.8265
0.8311
0.8152
0.8302
0.8252
0.8307
0.8274
0.8362
0.8209
0.8404
0.8338
0.8287
0.8311
0.8382
0.8212
0.788
0.7813
0.7865
0.7788
0.7854
0.7803
0.784
0.7812
0.7919
0.7862
0.792
0.7915
0.7931
0.7866
0.7911
0.7865
0.7974
0.789
0.7988
0.7898
0.7928
0.7925
0.7971
0.7929
0.8021
0.7989
0.8026
0.7965
0.8018
0.7968
0.8027
0.7953
0.8072
0.8079
0.8251
0.8064
0.808
0.8055
0.8313
0.8205
0.8207
0.8151
0.8201
0.9047
0.8217
0.8071
0.8197
0.8137
0.8307
0.8162
0.8313
0.8252
0.8326
0.828
0.8294
0.8149
0.8462
0.8357
0.8292
0.8341
0.8423
0.8216
0.8383
0.835
0.7849
0.781
0.785
0.7801
0.7836
0.7807
0.7858
0.7866
1.653
0.8282
1.2635
0.797
0.7995
0.7894
0.793
0.7849
0.7972
0.7912
0.7899
0.7967
0.7985
0.7921
0.7996
0.7923
0.7971
0.7928
0.8032
0.7961
0.7932
0.7989
0.8103
0.792
0.809
0.7956
0.8081
0.8032
0.8074
0.8016
0.8
0.8022
0.8188
0.8132
0.8192
0.8042
0.8235
0.8142
0.8254
0.8026
0.8221
0.8212
0.8324
0.8268
0.8317
0.8268
0.8212
0.825
0.8379
0.832
0.8366
0.8325
0.829
0.8323
0.8382
0.8319
0.7862
0.7804
0.7854
0.7837
0.798
0.7775
0.8036
0.7968
0.7909
0.7856
0.7913
0.7862
0.7922
0.788
0.7924
0.7865
0.7969
0.7928
0.7979
0.7986
0.7911
0.7893
0.7968
0.7953
0.7971
0.798
0.8015
0.7963
0.804
0.8004
0.8025
0.7964
0.8078
0.8022
0.8084
0.8026
0.8082
0.8016
0.8083
0.8015
0.8175
0.8162
0.9658
0.9456
0.8238
0.8162
0.8096
0.8061
0.8314
0.8263
0.8296
0.8338
0.8355
0.8203
0.8307
0.8264
0.8539
0.9393
1.5977
0.8988
1.2391
0.8302
0.8343
0.8386
0.7815
0.7846
0.7811
0.7862
0.7809
0.7857
0.7798
0.7852
0.7859
0.7904
0.7862
0.7912
0.7876
0.794
0.7961
0.7859
0.7918
0.7963
0.7917
0.7982
0.7914
0.7967
0.7914
0.7954
0.7963
0.8018
0.7962
0.8013
0.7959
0.8008
0.8008
0.8038
1.639
0.8395
0.8028
0.805
0.8047
0.8044
0.8081
0.8038
0.8203
0.8048
0.8189
0.8128
0.8176
0.8127
0.8096
0.812
0.8299
0.8254
0.8415
1.2558
0.8192
0.8208
0.8172
0.8302
0.8331
0.8387
0.8351
0.837
0.8214
0.8379
0.8328
0.8389
0.7818
0.7856
0.7786
0.7856
0.7844
0.8102
0.7881
0.7879
0.7904
0.7949
0.7892
0.792
0.7871
0.7913
0.7876
0.7971
0.7872
0.7961
0.7926
0.798
0.7925
0.7941
0.7925
0.7969
0.7979
0.8099
0.7935
0.8032
0.7973
0.8032
0.7971
0.8016
0.8023
0.8075
0.8033
0.8078
0.8024
0.8086
0.8027
0.8082
0.8123
0.8091
0.8178
0.8223
0.8381
0.8235
0.8168
0.825
0.8298
0.9051
0.8276
0.8291
0.8293
0.8215
0.8312
0.8288
0.8389
0.8343
0.8276
0.8354
0.8386
0.8334
0.8385
0.8395
0.7829
0.7822
0.7845
0.7809
0.7836
0.7807
0.7877
0.7817
0.7912
0.7874
0.7916
0.7856
0.7908
0.7882
0.79
0.7866
0.7996
0.8123
1.6511
0.836
1.2333
0.7961
0.7954
0.7925
0.8025
0.7981
0.8024
0.7984
0.8015
0.8002
0.8024
0.7987
0.8083
0.8028
0.8074
0.8039
0.8092
0.7968
0.7989
0.8043
0.8185
0.8067
0.8181
0.8139
0.818
0.8129
0.8089
0.8142
0.8324
0.8281
0.8298
0.8159
0.8194
0.8265
0.8328
0.8432
0.8339
0.8265
0.8387
0.8353
0.8405
0.8347
0.8372
0.8226
0.7858
0.782
0.7843
0.7814
0.7834
0.7821
0.7853
0.7819
0.7898
0.7894
0.7953
0.789
0.7915
0.7876
0.7938
0.7862
0.7961
0.7927
0.7896
0.7917
0.7961
0.7926
0.7949
0.7869
0.8006
0.7988
0.8028
0.7956
0.7931
0.8105
0.8173
0.7952
0.803
0.7976
0.8076
0.8042
0.8066
0.8025
0.7987
0.8086
0.8204
0.8145
0.8164
0.8039
0.8181
0.813
0.8176
0.8113
0.8335
0.8534
0.9682
0.8206
0.8315
0.8263
0.8315
0.8156
0.8411
0.8344
0.8379
0.8323
0.8367
0.8225
0.8414
0.8385
0.7893
0.7784
0.7859
0.7891
1.606
0.8606
1.2365
0.7825
0.7949
0.79
0.7915
0.7866
0.7922
0.7874
0.7907
0.7874
0.7975
0.7917
0.7976
0.791
0.804
0.8045
0.7999
0.7877
0.8029
0.7978
0.8014
0.7963
0.7962
0.7982
0.8019
0.7965
0.8238
0.8024
0.8078
0.804
0.8076
0.8029
0.8068
0.8021
0.8193
0.8305
0.8176
0.8056
0.8112
0.815
0.8185
0.8131
0.8305
0.8158
0.8323
0.8276
0.8303
0.8261
0.8297
0.8136
0.8381
0.8331
0.8372
0.8343
0.8346
0.8237
0.8389
0.8336
0.7853
0.7801
0.7904
0.7758
0.7848
0.7798
0.785
0.7828
0.7916
0.7852
0.7905
0.7864
0.791
0.7845
0.7923
0.7924
0.7935
0.7935
0.7974
0.7921
0.7967
0.785
0.7967
0.7903
0.8041
0.7964
0.7944
0.7967
0.8016
0.7973
0.8017
0.7915
0.8101
0.8039
0.8172
0.8197
0.8129
0.8053
0.8227
0.8087
0.9216
0.8546
0.8198
0.8118
0.8169
0.8179
0.8132
0.808
0.8294
0.8315
0.827
0.8304
0.8235
0.8192
0.8415
1.6142
0.8622
1.2508
0.8255
0.838
0.8237
0.8371
0.8346
0.8376
0.7875
0.7839
0.7808
0.7846
0.7808
0.7825
0.7818
0.7916
0.7917
0.7895
0.7878
0.7899
0.796
0.7936
0.7846
0.7975
0.7967
0.7955
0.7922
0.7991
0.7919
0.7893
0.7919
0.7955
0.8011
0.7983
0.7901
0.7963
0.8647
0.8035
0.7925
0.7956
0.8098
0.8087
0.8034
0.8075
0.7954
0.8078
0.8022
0.808
0.8156
0.8085
0.8111
0.8186
0.8116
0.8197
0.8098
0.8114
0.8254
0.8302
0.8263
0.8297
0.8141
0.8306
0.8258
0.8309
0.8333
0.8373
0.82
0.8398
0.8329
0.8398
0.8358
0.8349
0.7794
0.7905
1.6489
0.8334
1.2531
0.7836
0.7815
0.7877
0.7877
0.7918
0.7882
0.792
0.7887
0.7916
0.788
0.7918
0.7917
0.7961
0.7965
0.8054
0.7848
0.7975
0.7921
0.8011
0.7966
0.8018
0.7981
0.8021
0.797
0.802
0.7966
0.8196
0.8069
0.8086
0.8038
0.8098
0.8019
0.8112
0.8213
0.9691
0.8107
0.8179
0.8043
0.8191
0.814
0.8174
0.8148
0.8134
0.8278
0.8308
0.8257
0.8284
0.8163
0.8209
0.8266
0.8283
0.8379
0.8466
0.8279
0.8294
0.8355
0.8377
0.8326
0.8366
0.7765
0.7837
0.7816
0.7843
0.7812
0.784
0.7802
0.789
0.7865
0.7899
0.7847
0.7928
0.7917
0.9874
1.2931
0.8582
1.2569
0.8001
0.7944
0.795
0.7863
0.7976
0.7938
0.7969
0.7967
0.7952
0.7982
0.8009
0.7972
0.8586
0.8034
0.7984
0.8061
0.8092
0.8039
0.7993
0.8042
0.8058
0.8038
0.806
0.8047
0.8183
0.8138
0.82
0.8149
0.8171
0.8043
0.8169
0.8283
0.8302
0.84
0.8235
0.8191
0.8312
0.8303
0.8294
0.8337
0.8271
0.8322
0.8367
0.8346
0.8366
0.8335
0.827
0.7814
0.7834
0.7789
0.7872
0.792
0.7799
0.7776
0.7896
0.7835
0.7917
0.7864
0.7921
0.787
0.7915
0.7887
0.7938
0.793
0.7953
0.7856
0.7963
0.792
0.7968
0.7906
0.7953
0.8156
0.8331
0.8017
0.807
0.8147
0.9182
0.8045
0.8047
0.7967
0.8065
0.7958
0.8054
0.8034
0.8074
0.8047
0.8002
0.8154
0.8171
0.8165
0.8244
0.8086
0.8177
0.8133
0.817
0.8254
0.8196
0.8262
0.8294
0.8253
0.83
0.8243
0.8198
0.8348
0.8383
0.8361
0.8356
0.8325
0.8257
0.8356
0.828
0.7816
0.9584
1.256
0.8305
1.2581
0.7881
0.7816
0.7846
0.7887
0.7883
0.7876
0.7933
0.7877
0.7901
0.7855
0.7935
0.7965
0.7909
0.7922
0.7959
0.7913
0.7952
0.7858
0.7957
0.7984
0.8015
0.7983
0.7946
0.7984
0.803
0.7985
0.7987
0.7954
0.8054
0.8018
0.807
0.8056
0.8004
0.8186
0.8126
0.8176
0.8182
0.805
0.8169
0.8135
0.818
0.8133
0.8076
0.8256
0.8288
0.825
0.8294
0.8252
0.8174
0.8299
0.8322
0.8235
0.8368
0.8335
0.8258
0.8291
0.8384
0.8355
0.8361
0.7775
0.7846
0.7814
0.7858
0.7781
0.7834
0.7805
0.7863
0.7882
0.7938
0.7929
0.7932
0.7889
0.7941
0.7877
0.7858
0.7933
0.7957
0.7923
0.7972
0.792
0.796
0.7927
0.796
0.7923
0.801
0.7991
0.7995
0.7961
0.7976
0.8209
0.9688
0.7983
0.8008
0.8041
0.8003
0.8035
0.8075
0.8022
0.8072
0.8041
0.8185
0.8123
0.8171
0.812
0.8088
0.8128
0.8165
0.8266
0.8355
0.8228
1.6427
0.8816
1.255
0.819
0.8301
0.838
0.8386
0.8232
0.8403
0.833
0.8378
0.8334
0.8359
0.7757
0.7893
0.7894
0.7856
0.775
0.7843
0.7796
0.7858
0.7885
0.7915
0.7867
0.7942
0.7874
0.7901
0.7845
0.793
0.7921
0.8067
0.7914
0.7949
0.7942
0.8034
0.7943
0.791
0.7903
0.8066
0.798
0.7951
0.7959
0.7954
0.7973
0.8023
0.8036
0.8077
0.794
0.8081
0.8051
0.8078
0.8123
0.8029
0.8149
0.8201
0.8049
0.8092
0.8207
0.8092
0.8132
0.8187
0.826
0.8324
0.8163
0.8303
0.825
0.8305
0.8252
0.8291
0.8212
0.8388
0.8339
0.8397
0.8416
0.8273
0.8618
0.8302
0.7837
0.7839
0.7848
0.7845
0.7792
0.783
0.7812
0.7841
0.7869
0.7904
0.7867
0.7912
0.7859
0.7893
0.7953
0.8175
0.8236
0.8084
0.8051
0.8016
0.9057
0.7996
0.7966
0.828
0.7949
0.8011
0.8002
0.8066
0.7916
0.8015
0.7989
0.8036
0.8069
0.8055
0.7982
0.8059
0.8051
0.8166
1.6443
0.8497
1.2497
0.8224
0.8151
0.8199
0.8139
0.8086
0.8147
0.8177
0.8265
0.8279
0.8218
0.8248
0.8279
0.8315
0.8269
0.8287
0.8237
0.8376
0.833
0.8374
0.8356
0.8375
0.8229
0.8376
0.7837
0.7848
0.7826
0.7839
0.7797
0.7844
0.7885
0.7804
0.7906
0.7898
0.7893
0.7956
0.7891
0.7905
0.7883
0.7907
0.7907
0.7952
0.7959
0.7957
0.7927
0.7963
0.7857
0.7937
0.7977
0.8032
0.7997
0.795
0.7977
0.8005
0.7984
0.807
0.7977
0.8078
0.8061
0.8116
0.8032
0.7992
0.8045
0.8074
0.8139
0.8164
0.8049
0.8164
0.8124
0.8191
0.8217
0.8079
0.8151
0.8307
0.8308
0.821
0.8163
0.8184
0.828
0.8292
0.8351
0.8395
0.8347
0.8325
0.8338
0.8376
0.8317
0.836
0.7808
0.7842
0.7801
0.7843
0.7814
0.785
0.7805
0.784
0.7871
0.7869
0.7876
0.7902
0.7851
0.789
0.7862
0.7897
0.7928
0.7969
0.7921
0.7959
0.8074
0.8332
0.9775
0.7946
0.9748
1.2679
0.8593
1.2381
0.8042
0.8004
0.8019
0.7901
0.8063
0.804
0.8079
0.803
0.7982
0.8034
0.8112
0.7967
0.8177
0.8043
0.8175
0.8183
0.8182
0.8141
0.8163
0.8041
0.8279
0.8263
0.8289
0.8259
0.8207
0.8264
0.8291
0.8265
0.8399
0.8316
0.8266
0.8348
0.8455
0.8355
0.8281
0.8239
0.78
0.7808
0.8025
0.787
0.7847
0.7812
0.7847
0.781
0.791
0.7854
0.7936
0.7922
0.7878
0.7877
0.7915
0.7871
0.796
0.7927
0.7964
0.7891
0.7921
0.7887
0.796
0.7958
0.7959
0.7987
0.8023
0.7977
0.8038
0.7966
0.8034
0.7988
0.8068
0.8039
0.8055
0.8107
0.8103
0.8234
0.8032
0.7952
0.8177
0.8146
0.8173
0.8133
0.8106
0.8163
0.8177
0.8144
0.8271
0.8195
0.8273
0.8173
0.8249
0.8269
0.8296
0.8153
0.8372
0.8334
0.8374
0.834
0.8369
0.8246
0.837
0.8323
0.7851
0.7814
0.7841
0.7797
0.7843
0.7872
0.7826
0.7805
0.7896
0.7872
0.7971
0.7874
0.792
0.7906
0.7939
0.7875
0.7971
0.7916
0.795
0.7928
0.7946
0.7857
0.7937
0.792
0.8198
0.8008
0.8046
0.8028
0.81
0.9019
0.8039
0.8026
0.8044
0.805
0.8067
0.8035
0.8092
0.7968
0.8077
0.8052
0.8183
0.8113
0.8095
0.8194
0.8176
0.8141
0.8161
0.803
0.8274
0.8334
1.65
0.8616
1.2485
0.8293
0.8294
0.8179
0.8431
0.8334
0.8359
0.8353
0.8319
0.8258
0.8383
0.8336
0.7865
0.7806
0.7843
0.7802
0.7845
0.7791
0.7837
0.7802
0.7913
0.7871
0.7909
0.788
0.7913
0.7836
0.7917
0.792
0.7927
0.7937
0.7975
0.7931
0.7943
0.786
0.7948
0.7963
0.8023
0.7977
0.8019
0.7986
0.7998
0.7978
0.8018
0.7984
0.8083
0.8026
0.8133
0.811
0.7989
0.8049
0.8068
0.802
0.8178
0.8053
0.8183
0.8148
0.8176
0.8146
0.8069
0.8158
0.8314
0.8253
0.8282
0.8155
0.8289
0.8272
0.8354
0.8181
0.839
0.8248
0.8368
0.8329
0.8445
0.8382
0.8394
0.8479
