NVIDIA RTX A6000, Driver version: 572.83.0.0
32.4853
3.6949
3.7693
3.6718
3.2389
3.3828
3.3478
3.1112
2.7299
2.9353
2.9494
2.9975
2.9151
2.8923
3.0777
2.8606
3.1351
2.8207
3.1119
2.6595
2.8483
2.9248
2.9388
2.8596
2.773
2.7915
2.6486
2.9016
2.6832
2.709
2.6841
2.7515
2.9447
2.6598
2.5197
2.6864
2.6254
2.8244
3.3339
2.7882
2.8527
3.5239
5.3814
5.5043
4.484
5.0513
5.1944
5.5793
4.2997
4.1747
3.5219
3.1946
2.8955
3.1445
2.9198
2.8908
2.6248
2.8258
3.1223
3.2936
2.7847
2.7923
2.689
2.8562
0.6639
1.2277
0.6402
0.5778
0.8682
0.5761
0.5742
0.7421
0.4923
0.4767
0.497
0.498
0.4707
0.4615
0.6373
0.5154
0.7118
0.6176
0.5369
0.5106
0.5001
0.4946
0.4559
0.5116
0.5074
0.5061
0.5063
0.7209
0.4652
0.4911
0.5507
0.5103
0.482
0.4636
0.4357
0.4605
0.5409
0.5099
0.7192
0.4716
0.4817
0.4605
0.4691
0.483
0.7273
0.4723
0.4865
0.4649
0.7143
0.4615
0.4726
0.5025
0.4777
0.4683
0.4745
0.4649
0.4903
0.4547
0.4655
0.4611
0.6502
0.5785
0.4867
0.4614
0.4938
0.7882
0.6876
0.5945
0.61
1.0388
0.8617
0.8399
0.6124
1.073
0.6255
0.6027
0.8585
0.5828
0.5372
0.5157
1.0935
0.5385
0.564
0.7333
0.5548
0.6582
0.7613
0.5701
0.5841
0.7689
0.5858
0.5341
0.5393
0.8069
0.5038
0.4971
0.6945
0.513
0.4962
0.5014
0.7265
0.4828
0.4979
0.7073
0.4937
0.4868
0.4955
0.7102
0.5103
0.4902
0.7134
0.8495
0.5597
0.7201
0.4951
0.492
0.5347
0.5371
0.5254
0.5251
0.5598
0.5158
0.492
0.7271
0.5354
0.4947
0.4936
0.731
0.5142
0.4839
0.5133
0.7265
0.5329
0.7958
0.8805
0.5032
0.5057
0.4999
0.5463
0.7217
0.5326
0.5174
0.5109
0.7372
0.5411
0.4841
0.4944
0.6827
0.5114
0.4926
0.4938
0.677
0.5091
0.4896
0.6577
0.5089
0.5059
0.4387
0.6412
0.509
0.5116
0.4965
0.7581
0.4714
0.4949
0.5
0.876
0.5048
0.5216
0.7032
0.5088
0.5017
0.7184
0.5061
0.5046
0.4835
0.7472
0.5033
0.4969
0.744
0.8416
0.5165
0.4915
0.5028
0.8138
0.5231
0.4889
0.4931
1.9684
0.7438
0.5501
0.5019
0.4927
0.9202
0.5172
0.5074
0.5173
0.5043
0.4411
0.9372
0.5126
0.5026
0.4914
0.741
0.4848
0.5011
0.5007
0.4988
0.7743
0.5093
0.4926
0.5039
0.7466
0.5066
0.5078
1.1413
0.757
0.6845
0.8347
0.6967
0.6421
0.5823
0.7135
0.5152
0.5246
0.52
0.7449
0.5198
0.5128
0.5046
0.7418
0.5262
0.5423
0.4957
0.7617
0.5228
0.5115
0.5093
0.719
0.4682
0.534
0.5308
0.866
0.5182
0.5431
0.7088
0.5182
0.5219
0.5316
0.5264
0.5221
0.4847
0.5221
0.548
0.5363
0.5469
0.803
0.515
0.5248
0.5134
0.5236
0.7485
0.5307
0.5167
0.5154
0.7762
0.5544
0.5442
0.5309
0.516
0.9868
0.5351
0.5322
0.5829
0.5022
0.7883
0.5493
0.55
0.5784
0.7543
0.5353
0.5219
0.5214
0.7626
0.5534
0.5311
0.7423
0.5288
0.5343
0.7558
0.5504
0.5335
0.5042
0.6927
0.542
0.5329
0.5587
0.8507
0.5654
0.5368
0.7881
0.5424
0.5407
0.7739
0.5684
0.5477
0.8207
0.5979
0.5816
0.7534
0.5395
0.5135
0.5362
0.7395
0.5154
0.5251
0.518
0.5905
0.5696
0.5859
0.5875
0.5092
0.5482
0.8077
0.5545
0.6576
0.7951
0.4986
0.5537
0.5386
0.5837
0.988
0.5869
0.5213
0.5478
0.9063
0.5619
0.5464
0.5374
0.7643
0.5542
0.5334
0.5596
0.5747
0.8206
0.6657
0.818
1.1655
1.0816
1.0636
0.8355
1.0355
0.8352
0.8005
1.0727
0.8206
1.0319
0.787
1.0374
0.8083
1.0799
0.8164
0.8046
1.1225
0.8026
1.0664
0.6225
0.8868
0.5546
0.6084
0.6135
0.6046
0.5461
0.5381
0.497
0.5478
0.7476
0.5382
0.5328
0.5359
0.7602
0.5437
0.5336
0.524
0.8034
0.541
0.5273
0.5336
0.9624
0.5313
0.5294
0.542
0.5402
0.7776
0.5353
0.5367
0.5446
0.7848
0.5421
0.5294
0.5384
0.8081
0.6979
0.6339
0.643
0.63
0.845
0.964
0.717
0.8999
0.9127
1.1903
0.7532
0.6775
1.2782
0.8908
1.0172
0.8214
0.8286
1.0989
0.5864
0.5118
0.7689
0.5402
0.546
0.5326
0.7802
0.5381
0.5807
0.7819
0.6011
0.5479
0.5732
0.5498
0.5554
0.5247
0.5384
0.5359
0.5442
0.5276
0.5458
0.8076
0.5365
0.5354
1.6967
0.8128
0.5568
0.5545
0.5667
0.5871
0.5075
0.8801
0.5577
0.5348
0.9015
0.5691
0.8393
0.9972
0.5549
0.5365
0.5474
0.5412
0.5357
0.5294
0.7879
0.5276
0.5411
0.7219
0.5237
0.5376
0.5363
0.7117
0.5501
0.5347
0.5299
0.78
0.5312
0.5335
0.7932
0.5298
0.5743
0.826
0.5691
0.541
0.783
0.525
0.5339
0.5223
0.7777
0.5332
0.6256
0.742
0.5338
0.5236
0.751
0.5365
0.5416
0.7004
0.5293
0.516
0.7592
0.5383
0.5345
0.4972
0.5236
0.5144
0.5138
0.6492
0.5642
0.77
0.576
0.5264
0.54
0.6792
0.5601
0.5347
0.5258
0.7662
0.5337
0.5125
0.5358
0.9595
0.5272
0.5225
0.5328
0.6984
0.5307
0.5129
0.5304
0.7552
0.5409
0.519
0.498
0.7181
0.6362
0.5357
0.7806
0.5343
0.4666
0.5308
0.7739
0.5141
0.5202
0.6741
0.5003
0.52
0.5156
0.7535
0.5261
0.5177
0.7234
0.5234
0.524
0.5157
0.7615
0.5205
0.5079
0.7003
0.5232
0.5111
0.7796
0.5815
0.5992
0.9211
0.6959
0.5549
0.5168
0.5847
0.5641
0.513
0.528
0.5144
0.5617
0.4864
0.7583
0.532
0.5344
0.5174
0.5184
0.4611
0.5164
0.5079
0.5109
0.5076
0.5178
0.6974
0.5229
0.5111
0.5472
0.5281
0.5377
0.4877
0.5417
0.5249
0.5458
0.5162
0.5256
0.5026
0.5158
0.9628
0.5385
0.5175
0.5095
0.5095
0.5167
0.5181
0.5309
0.5156
0.5408
0.5161
0.5186
0.5249
0.5315
0.9623
0.5108
0.516
0.56
0.9542
0.7334
1.4816
1.3015
0.6173
0.5747
0.5492
0.5624
0.5496
0.514
0.79
0.555
0.5466
0.5484
0.5519
0.5279
0.5629
0.7749
0.5663
0.5521
0.5482
0.5305
0.524
0.5925
0.6849
0.5699
0.5622
0.5656
0.8248
0.574
0.5502
0.5757
0.5595
0.5703
0.559
0.5604
0.556
0.5594
0.5402
0.5929
0.8108
0.5915
0.5802
0.6018
0.693
0.5745
0.5771
0.5862
0.5942
0.5954
0.5755
1.0404
0.6485
0.6342
0.5922
0.6076
0.5648
0.5899
0.8092
0.6122
0.5963
0.5992
0.5937
0.8841
0.5963
0.61
0.5937
0.8589
0.5995
0.5894
0.6071
0.8689
0.615
0.6105
1.0391
0.674
0.8743
0.6253
0.6109
0.6142
0.596
0.6357
0.6057
1.9596
0.6263
0.577
0.6098
0.6246
0.6007
0.6174
0.8682
0.542
0.5954
0.6011
0.5965
0.6154
0.6251
0.6006
0.6145
0.6209
0.8717
0.6081
0.6105
0.5798
0.8491
0.6021
0.6078
0.9994
0.6347
0.5924
0.5995
0.8595
0.6032
0.6112
0.7741
0.6112
0.5947
0.5939
0.592
0.6221
0.6047
0.8672
0.5873
0.6102
0.5914
0.5965
0.5589
0.8435
0.5993
0.5976
0.6881
0.7468
0.8244
0.6597
0.7034
0.6051
0.5698
0.8106
0.8857
0.9166
0.9604
0.7253
0.7292
0.716
1.0503
0.8016
1.0668
0.6072
0.58
0.836
0.5543
0.8393
0.6618
0.5745
0.8079
0.6252
0.8954
0.8455
0.6778
0.6229
0.5729
0.7841
0.5781
0.5715
0.5851
0.7672
0.5878
0.5477
0.5637
0.5639
1.0033
0.5758
0.5715
0.5299
0.5805
0.579
0.9557
0.581
0.5666
0.5367
0.5588
0.5721
0.811
0.5837
0.5637
0.5664
0.7985
0.5804
0.5734
0.6043
0.6153
0.5678
0.808
0.5818
0.5697
0.5735
0.5648
0.8066
0.5543
0.578
0.5637
0.7449
0.5762
0.6042
0.5665
0.5766
0.8607
0.597
0.5657
0.5762
0.5771
0.8262
0.5948
0.5845
0.8751
0.6067
0.877
0.5951
0.5795
0.8888
0.893
0.6024
0.6516
0.7219
0.6149
0.7609
0.5518
0.5858
0.57
0.5843
0.7795
0.6014
0.5759
0.7727
0.8995
0.643
0.59
0.6449
1.0685
1.1123
1.4836
0.6498
0.5968
0.6148
0.9011
0.5764
0.5741
0.8594
0.5859
0.5585
0.5733
1.1309
0.8653
0.5963
0.8627
0.5442
0.587
0.8455
0.6108
1.0932
0.7076
0.5639
0.5843
0.6097
0.5992
0.8696
0.597
0.5848
0.5903
0.5852
0.8924
0.6427
0.7452
0.8646
0.6068
0.6914
0.6001
0.5923
0.5925
0.6495
0.7974
1.0871
0.7833
0.6923
0.6644
0.7429
0.9025
0.6779
0.6316
0.6056
0.6053
0.5786
0.5646
0.6045
0.5716
0.8525
0.5583
0.9174
0.5997
0.8209
0.5948
0.5911
0.5528
0.5792
0.8739
0.6326
0.5664
0.589
1.3369
0.8764
1.1258
0.8783
1.1196
0.6477
0.5991
0.7579
0.7337
0.7738
0.8149
1.1971
0.6381
0.5967
0.9007
0.6004
0.5962
0.9481
0.5986
0.5917
0.5757
0.5775
1.028
0.5951
0.6026
0.7667
0.6068
0.6249
0.8475
0.5817
0.6117
1.9093
0.6091
0.6056
0.9436
1.0299
0.9896
1.2587
0.8864
0.8482
1.1564
0.6773
0.6708
0.8546
0.6805
0.656
0.6602
0.9448
0.7706
0.7464
0.7657
1.0256
0.8193
0.9254
1.1033
0.7718
0.7429
1.0161
0.764
1.0378
0.7901
0.8254
0.8203
0.8315
0.7669
0.9855
0.8758
0.8941
1.1167
1.187
0.9436
1.2987
0.9486
0.8901
0.9935
1.1778
0.9628
0.9895
1.3559
0.9999
0.9468
0.9858
1.239
1.055
0.9711
1.1672
0.9333
0.9235
1.1427
1.0514
1.3027
0.9672
1.195
0.8857
1.1237
0.879
1.1898
1.0363
1.091
0.73
1.3147
0.9467
1.2146
1.1712
0.9295
1.1657
0.9411
0.9567
0.9168
0.9993
1.1589
0.9805
1.19
1.1202
1.0166
1.3121
1.0005
1.3482
0.8671
0.8784
1.2536
0.868
0.8567
1.1153
0.8459
1.1322
0.8475
1.1233
0.8042
1.1852
0.8867
1.1511
0.8696
1.0847
0.8627
0.8471
1.1931
1.1069
0.8832
0.894
1.0033
0.8677
0.7113
0.7999
1.0676
1.104
0.7906
0.7798
0.7376
0.9542
0.8346
1.183
0.7842
0.8109
0.8027
0.8261
0.8039
1.0717
0.7737
0.8097
0.6553
0.81
1.0606
0.9823
0.6281
0.6253
0.8646
0.6252
0.9384
0.9056
0.8255
0.795
0.7789
0.7752
0.7494
0.7504
1.0139
0.7468
0.74
0.7489
0.7361
1.0194
0.7583
0.7015
0.7469
0.9456
0.7608
0.7111
0.6857
0.6816
1.1185
0.7021
0.6742
0.6454
0.6765
0.6921
0.6793
0.6781
0.6747
0.6296
0.6804
0.6166
0.6191
0.8733
0.6345
0.5875
0.6186
0.6226
0.6134
0.6329
0.6221
0.6002
0.6167
0.622
0.6195
0.6222
0.8424
0.5524
0.5713
0.5829
0.57
0.5707
0.5747
0.5686
0.7997
0.5877
0.5704
0.6032
0.6119
0.591
0.5773
0.5827
0.5744
0.8051
0.5671
0.562
0.5653
0.5666
0.5609
1.1128
0.9504
0.9635
0.949
0.9315
0.9482
0.9273
1.1576
0.7278
0.9678
0.9432
0.9306
0.7054
1.1659
0.9507
0.9016
0.9174
0.9032
0.9185
1.1697
0.9285
0.9751
0.923
1.2026
0.9381
0.9876
0.9229
1.1945
0.9585
0.9281
1.2091
0.9498
1.2443
0.9317
0.9344
1.0876
1.0607
1.0249
0.9972
0.9795
1.2572
0.9682
0.7756
0.8396
0.9701
1.1277
0.8312
0.9035
2.1849
0.9822
1.338
0.8427
0.8612
0.9603
0.7838
1.1609
1.1531
1.5059
0.9876
1.0785
0.8863
0.8396
0.8369
1.2194
0.9627
0.8625
0.7646
0.7526
0.7638
0.9676
0.7768
0.7925
0.8138
0.7513
0.7606
0.762
0.7975
1.0528
0.7251
0.7228
0.7408
0.7256
0.7436
0.6857
0.7294
0.7305
1.0132
0.7279
0.7307
0.6722
0.7186
0.7045
0.7335
0.6994
0.6915
1.2648
0.735
0.7116
0.6975
0.6858
0.7001
1.0841
0.7405
0.9316
1.0413
0.8332
0.7106
0.678
0.6976
0.6932
0.6895
0.7302
0.706
0.9804
0.6768
0.6742
0.6986
0.6844
0.6775
0.6679
0.6609
1.3574
0.6895
0.6618
0.6532
0.6579
0.6597
0.6557
0.9516
0.6842
0.6344
0.6567
0.6802
1.0809
1.0848
0.9892
0.9085
0.9669
1.038
0.6905
0.693
0.9264
0.7586
0.6661
0.6681
0.6741
0.6835
0.6585
0.7795
0.6857
0.7131
0.9253
1.0846
0.9473
0.6925
0.6784
0.9443
0.678
0.6872
1.102
0.6859
0.6662
0.9361
0.6678
0.6824
0.8919
0.678
0.6668
0.9368
0.6694
0.6579
0.8837
0.6935
0.6757
0.9293
0.6514
0.6579
0.9073
0.6464
0.906
0.6896
0.6553
0.9057
0.62
0.6316
0.9077
0.6296
0.6533
0.9249
0.6416
0.6225
0.6166
0.6326
0.8908
0.6478
0.6567
0.6413
0.6038
0.8887
0.6158
0.5942
0.5996
0.6029
0.6208
0.6212
0.6207
0.5847
0.5949
0.6205
0.6122
0.6267
0.8944
0.5501
0.5939
0.5853
0.8464
0.6054
0.5914
1.5294
0.6378
0.6266
0.6101
1.0924
0.6152
0.5719
0.5922
0.5854
0.5808
0.5971
0.5848
0.5701
0.756
0.59
0.573
0.5844
0.5799
0.6041
0.5745
0.5794
0.8206
0.5893
0.5732
0.5731
1.2142
0.6489
0.5907
0.5895
0.5528
0.8423
0.5873
0.5816
0.5873
0.852
0.5288
0.5797
0.5746
0.5842
0.8464
0.5845
0.5461
0.5829
0.8487
0.5935
0.5771
0.5898
0.5512
0.8262
0.612
0.962
0.6437
0.8818
0.8613
0.5923
0.5689
1.1035
0.5816
0.5724
0.7918
0.5704
0.5348
0.5528
0.8094
0.5679
0.543
0.5526
0.5475
0.5534
0.5626
0.507
0.5425
0.5413
0.5368
0.5823
0.556
0.7788
0.5366
0.5399
0.538
0.5484
0.5469
0.7577
0.5373
0.5361
0.5397
1.9269
0.5952
0.5321
0.5443
0.5656
0.956
0.5651
0.5524
0.537
0.5429
0.5501
0.7805
0.5764
0.5487
0.5415
0.5422
0.5463
0.7944
0.5499
0.5444
0.5421
0.7839
0.5448
0.5393
0.7748
0.5231
0.5375
0.78
0.5705
0.5411
0.5471
0.753
0.5845
0.5331
0.7762
0.5904
0.7773
1.2175
0.7059
0.8374
0.5744
0.5669
0.7687
0.5223
0.5452
0.7835
0.566
0.5449
0.8055
0.519
0.5122
0.5251
0.533
0.5252
0.5459
0.5224
0.5284
0.5201
0.5243
0.7744
0.5369
0.7835
1.0279
0.7974
0.6006
1.116
1.0985
0.9372
1.1291
0.6104
0.5973
0.5497
1.1338
0.8657
0.9183
1.0856
0.6015
0.5631
0.7747
0.5924
1.0508
1.2303
0.7039
0.6901
1.067
1.0206
0.6471
0.545
0.8215
0.5851
0.5132
0.555
0.5384
0.582
0.5369
0.5388
0.8687
0.5764
0.7906
0.5646
1.029
0.8472
0.5703
0.5342
0.5398
0.5175
0.7309
0.7096
0.7669
0.5691
0.5379
0.7743
0.5435
0.528
0.5244
0.5436
0.5755
0.521
0.762
0.5003
0.5643
0.8711
1.0559
0.821
0.859
1.0421
0.6604
0.8438
1.0613
0.8286
0.5907
0.517
0.5708
0.5461
0.5382
0.7099
0.5785
0.5881
0.5408
0.5338
0.7878
0.5496
0.5447
0.534
0.5562
0.7631
0.5615
0.5385
0.6208
0.5884
0.5842
1.2544
0.9735
0.9435
1.3073
1.0112
0.9503
0.9285
1.1825
0.9581
0.8754
1.1883
0.9455
0.9515
1.1866
1.0053
0.9103
0.925
0.9367
1.1897
0.9514
0.9343
1.2251
0.9261
0.9322
1.2135
0.9453
0.9262
1.1882
0.9317
1.1758
0.8876
0.8844
1.0875
0.8857
1.1352
0.8918
1.1345
0.9377
1.1959
0.9956
0.9384
0.9308
0.9394
0.9529
0.9423
1.2466
0.9456
0.934
0.9255
0.9414
0.8735
1.1624
0.9394
0.9296
0.91
0.9218
0.8771
0.9179
1.4478
0.9279
0.9276
0.9913
0.9986
1.4172
0.9443
0.9442
0.9454
0.9102
1.1507
0.9809
0.9531
1.1942
0.9846
0.954
1.2145
0.9366
1.3329
1.252
0.9982
1.2419
0.9761
1.2412
0.9603
1.3686
1.2273
0.953
1.2334
0.9487
1.211
1.3296
0.996
0.9195
0.9406
0.979
1.0466
1.2582
0.9221
1.1194
0.8876
1.1549
0.8838
1.4034
0.9183
0.8609
1.1736
2.565
0.8556
0.8464
0.8278
1.1002
0.8103
0.8126
1.1089
0.8261
0.8142
1.0871
1.0391
0.8065
0.7652
1.0488
0.7953
0.8009
0.7581
1.0396
0.7805
0.7943
0.7526
1.0192
0.7431
0.7377
0.7359
0.9922
0.6861
0.7383
0.7297
1.0009
0.7356
0.7335
0.9317
1.1141
1.0444
0.7341
0.7327
0.7098
0.6595
0.6998
0.7193
1.2916
0.9944
0.9846
0.9369
0.9641
1.2437
0.9687
0.953
0.9602
1.0401
0.9875
0.925
1.2095
0.7645
1.0646
0.8681
0.759
0.7236
1.2241
0.7454
0.7333
0.7201
0.7268
0.7278
0.7264
0.7206
0.7112
1.5585
0.7842
0.7512
0.7546
1.0495
0.6986
0.7519
0.764
0.7525
1.01
0.7703
0.7333
0.7525
1.0859
0.7589
1.0742
0.7755
0.7459
0.7923
1.0225
0.6391
0.6303
0.6313
0.6207
0.659
0.6811
0.656
0.918
0.6791
0.6744
0.643
0.6567
0.6476
0.6563
0.6527
0.9243
0.6683
0.6775
0.683
0.6971
0.6635
0.6879
0.9395
0.6958
0.6741
0.7018
0.5961
0.6998
0.9927
0.7354
0.6942
0.6976
0.6446
0.6839
0.9733
0.7137
0.6885
0.9418
0.7037
0.7083
0.9463
0.7141
1.0465
0.9589
0.9093
0.9309
0.9257
0.9145
0.909
0.9022
0.8997
0.9056
1.1608
0.9296
0.9097
0.9439
0.9516
0.9308
1.2343
1.079
0.9757
0.8977
0.9372
0.9282
1.1976
0.9693
0.9597
0.9722
0.9701
1.4868
0.9691
0.972
1.2406
0.9388
1.0053
1.3175
0.9622
0.9659
1.2174
0.9528
0.9466
1.2249
0.9715
0.9833
1.233
0.9556
0.9463
1.2166
0.9738
1.0192
1.2308
0.9939
0.9463
0.9406
1.2201
0.9367
0.9171
1.2204
0.9304
0.9398
1.1994
0.9564
0.9088
1.1897
0.877
1.2167
0.9412
5.0096
4.7578
5.0411
4.938
5.0167
4.43
4.0662
3.9029
3.3869
3.0894
3.2796
2.9471
2.9758
3.1308
2.5629
2.9964
2.8949
2.806
3.1247
5.3623
4.0095
4.1693
4.1558
3.0819
3.0808
2.7135
2.7134
2.4306
2.6954
2.4575
2.6984
2.8002
2.858
2.9029
2.4952
2.7929
2.7791
2.9643
2.9683
2.9949
2.8284
3.0002
2.7982
2.8294
3.0029
2.9019
3.0376
2.6505
2.8049
2.7706
2.7639
2.5771
3.1326
2.9655
2.6049
2.8833
2.8438
2.8001
5.3128
2.862
3.9834
3.1022
3.7162
3.2329
0.7332
0.6519
0.6664
0.6407
0.6386
0.6266
0.6189
0.8822
0.6952
0.6508
0.6463
0.646
0.6052
0.9432
0.671
0.6329
0.8837
0.6306
0.6165
0.6219
0.6333
0.6417
0.6362
0.6281
0.6205
0.9952
0.6338
0.6392
0.6263
0.6185
0.6375
1.0703
0.6349
0.6851
0.6526
0.6377
0.8907
0.6298
0.9789
1.1264
0.8715
0.7145
0.7834
1.0093
0.7981
0.7737
0.7789
0.987
0.8038
0.7611
0.78
1.0205
0.8481
0.9493
0.8275
0.7902
1.0742
0.7856
1.036
0.7614
1.0343
0.7679
1.0003
0.7828
1.0544
0.7836
0.9087
0.6321
0.6261
0.629
0.6388
0.726
0.6593
0.6135
0.8754
0.63
0.6616
0.8825
0.6322
0.5963
0.6074
0.6289
0.568
0.5984
0.7729
0.5985
0.5949
0.5994
0.5668
0.5843
0.5962
0.5882
0.5962
0.5907
0.9824
0.6409
0.6148
0.5814
0.5891
0.5834
0.5532
0.5744
0.5825
0.5709
0.8252
0.597
0.5922
0.5744
0.5906
0.5822
0.5854
0.5865
0.6129
0.87
0.5884
0.594
0.5896
0.5919
0.8474
0.5884
0.5819
0.6297
0.5921
0.5681
0.8492
0.5769
0.5972
0.5774
1.3307
0.844
0.8265
0.6434
0.6037
0.5817
0.594
0.7703
0.593
0.5804
0.5763
0.568
0.5747
0.5325
0.5612
0.5625
0.84
0.9027
0.7236
0.6897
0.71
0.6119
0.5667
0.62
0.7596
0.6816
1.1018
0.7116
0.698
0.696
0.6999
0.7006
0.9672
0.7155
0.6983
0.9527
0.8228
1.1946
0.7284
0.6845
0.7022
0.995
0.6502
0.6767
0.8622
0.5862
0.5687
0.5748
0.5223
0.577
0.5898
0.564
0.5865
0.5742
0.5322
0.5768
0.97
0.8799
0.5991
0.5733
0.5614
1.0312
0.8898
0.5931
0.9986
0.6336
0.573
1.06
0.5901
0.6034
0.6046
0.5852
0.5828
0.5732
1.0622
0.5857
0.5884
0.5773
0.5713
0.5787
0.5881
0.5817
0.5857
0.8017
0.6075
0.739
0.6143
0.5874
0.6007
0.5389
0.8212
0.5909
0.5846
0.582
0.582
0.533
0.8449
0.5864
0.5779
0.5744
0.5794
0.7769
0.5927
0.6165
0.6053
1.3678
0.6567
0.6339
0.8991
0.6677
0.638
0.8942
0.664
0.6283
0.9028
0.7963
0.667
0.8919
0.654
0.6382
0.6509
0.8642
0.6425
0.6647
2.2409
0.6544
0.6783
0.6431
0.7011
0.809
0.5908
0.6252
0.8791
0.6388
0.6365
0.8655
0.5596
0.6241
0.8667
0.6347
0.6364
0.8681
0.8006
0.6207
0.6207
0.775
0.634
0.6237
0.8426
0.629
0.6296
0.6291
0.8934
0.6263
0.6175
0.8421
0.6681
0.7846
0.8782
0.6924
0.658
0.6314
0.7947
0.6281
0.6488
0.5938
0.8859
0.6209
0.6431
0.6102
0.8782
0.5806
0.6282
0.8787
0.6518
0.6216
0.8718
0.5613
0.6605
0.8754
0.7723
0.8863
0.6361
0.565
0.6298
0.7139
0.7538
0.6323
0.6465
0.6042
0.8904
0.6372
0.6468
0.7636
0.7051
0.6266
0.6679
1.0747
0.6653
0.9728
0.6685
0.6296
1.1112
0.6267
0.6285
0.6251
0.8438
0.6358
0.6267
0.6266
0.6211
0.8671
0.6105
0.6131
0.6334
0.6245
0.908
0.6507
0.9846
0.9149
0.6531
0.6418
0.648
1.2098
0.6198
0.9393
0.8482
0.655
0.6457
0.6372
0.5938
0.875
0.7176
0.7493
0.6578
0.8501
0.6363
0.6435
0.6803
1.3511
0.7096
0.6462
0.6457
0.8797
0.6373
0.6538
0.6612
0.8805
0.9913
1.1783
0.6728
0.6594
0.6936
0.6717
0.6467
0.966
0.7213
0.673
0.6569
0.9063
1.1458
0.6927
0.6734
0.9098
0.6635
0.657
0.6838
0.9051
0.6974
0.6815
0.7677
0.6561
1.1195
1.0142
0.6831
1.1532
0.6824
0.7599
1.0183
0.8019
1.2975
0.909
1.4108
1.9742
0.7066
0.6977
1.3864
0.6951
0.9583
0.8703
0.8168
0.9404
1.4133
0.7072
0.6312
0.6542
0.88
0.6984
0.7889
0.9872
0.64
0.696
0.672
0.6784
0.8053
0.723
0.5925
0.9072
0.666
0.654
0.8787
0.69
0.6524
1.3743
0.7818
0.8065
1.1627
0.7013
0.6596
0.6876
0.7017
1.0433
0.8843
0.7153
0.6877
0.7109
0.986
0.7379
0.7289
0.7422
0.9927
0.7467
1.0691
0.7941
0.9907
1.0857
0.7404
0.7312
1.1831
0.7604
0.7458
0.7157
0.991
0.764
0.7485
0.9882
0.7423
1.0873
1.13
1.1225
1.0987
1.2981
1.7068
1.2468
1.0084
1.0253
1.4577
1.3964
1.1484
0.7595
0.7883
0.7721
0.7863
1.2908
0.9479
1.3634
0.8641
0.7607
0.7667
0.8801
0.728
0.7262
0.7369
1.0214
0.7683
1.2832
0.7823
0.9802
0.9687
0.7589
2.3098
1.393
0.9463
0.8203
0.8026
1.1158
0.8133
0.9947
0.6533
0.7876
1.0162
0.9667
0.7595
1.0105
1.0455
1.1524
0.9406
0.9921
0.7825
1.0762
0.9581
0.9442
0.7489
1.4495
0.7545
0.774
1.0657
0.7393
0.7424
0.7136
1.3227
0.8032
0.8181
0.7477
0.7277
1.3155
1.1067
1.1626
0.9731
1.1332
0.926
1.2299
0.8184
0.7213
0.9531
0.7404
0.7616
0.7326
0.8508
0.7532
0.7829
0.7832
0.991
0.7822
0.7782
0.6897
0.7296
0.9975
0.7042
0.8642
0.6841
0.6645
0.9063
0.6666
0.6238
0.8605
0.7283
0.639
0.9384
0.775
0.9624
0.6422
0.6577
0.6147
0.617
0.6304
0.6254
0.7399
1.0188
0.7304
0.7199
0.8973
0.895
0.5901
0.9508
0.605
0.74
0.811
1.132
0.9244
0.7047
0.6762
0.9016
0.7334
0.7076
0.9639
0.6746
0.681
0.8408
0.6292
0.6311
0.8304
0.7454
0.6383
0.8618
0.7669
0.7957
0.8983
0.7345
0.6624
0.7849
0.9688
0.6454
0.865
0.9478
0.7716
0.774
0.6174
0.613
0.8316
0.8108
0.6025
0.5881
0.603
0.859
0.5971
0.6144
1.0048
1.0617
0.6463
0.9789
0.5628
0.6319
0.6109
0.5992
0.6703
0.6269
0.576
0.6001
0.5945
0.5944
0.5957
0.8962
0.8186
0.6329
0.6197
0.5993
0.8628
0.6436
0.5973
0.6211
0.6064
0.6083
0.6016
0.6819
0.671
0.6377
0.8545
0.7799
0.7052
0.9801
0.6668
0.6319
0.6197
0.8902
0.8259
0.6023
0.7114
0.706
0.6665
0.9608
0.6817
0.6151
0.7168
0.7239
1.0044
0.6985
0.7815
0.6003
0.6268
0.7585
0.6298
0.642
0.8533
0.5818
0.762
0.6874
0.9048
0.6908
0.9068
0.6256
0.6457
0.667
0.9128
0.8148
0.8639
1.5615
2.1728
1.3723
1.1344
1.4799
1.2933
1.0032
1.4795
0.9677
1.111
1.1618
1.2028
1.2934
1.0854
0.9475
1.177
0.9676
1.3696
1.1047
1.0226
1.4258
0.9309
0.9081
1.116
0.8828
1.2419
0.964
1.025
1.2376
1.3675
0.9272
0.8881
1.2456
1.2587
1.4075
1.2149
1.3685
1.0929
1.0668
1.1095
1.2335
0.9616
1.1172
0.8367
0.858
1.0834
0.8348
1.046
0.8111
1.0546
0.963
0.9974
0.9716
1.2252
1.1238
1.0179
1.0439
0.7979
1.216
0.8426
2.5834
0.7165
0.7861
0.6483
0.6338
1.0481
0.6548
0.6534
1.1357
0.8687
0.7113
0.8212
0.8387
1.0204
0.7862
0.8242
1.2963
1.0198
0.7439
0.7398
1.044
0.7304
0.702
0.9459
1.5149
0.8442
0.8882
0.7935
0.7503
1.0016
1.0485
0.7162
0.8396
0.6639
0.9213
0.7835
0.7951
0.7446
0.7513
0.6994
0.9324
0.6049
0.5874
0.5891
0.5742
0.7318
0.5671
0.5498
0.5582
0.5485
0.6647
0.5184
0.9649
0.6186
0.592
0.9082
0.6202
1.0323
0.6297
0.5895
0.5795
0.5684
0.5715
0.5657
0.5657
0.7947
0.5662
0.5571
0.6056
0.5605
0.6358
0.8163
0.613
0.5965
0.8935
0.5815
0.5904
0.5728
0.5711
0.9806
0.5438
0.6448
0.6088
0.6097
0.8205
0.5793
0.5173
0.5854
0.6747
0.9286
0.6662
0.6517
0.6233
0.9288
0.6558
0.6026
0.8482
0.6406
0.5979
0.6759
0.9066
0.6749
0.6544
0.635
0.588
0.8772
0.6589
0.654
0.8401
0.5717
0.5747
0.9106
0.5907
0.628
0.8644
0.621
0.6173
0.9563
0.6021
0.6859
0.9486
0.616
0.6382
0.839
0.6813
0.6498
0.7147
0.6173
0.6748
0.6979
0.765
0.6747
0.6841
0.8507
0.7954
0.7907
0.66
0.6633
0.675
0.6117
0.6782
0.7723
0.9083
0.6871
1.112
0.6771
0.7717
0.9381
0.9225
0.8935
1.1558
0.6493
0.6679
0.6464
0.7618
0.8342
0.7001
1.0452
0.8503
0.682
0.8003
0.7752
0.8372
0.6877
0.859
0.9368
0.8662
0.8686
0.7967
0.9695
0.9917
1.1894
0.9489
0.8383
0.7351
0.7046
1.0559
1.3475
0.7466
0.7396
0.7606
0.9323
0.9657
1.1529
0.8675
0.8398
0.9027
0.8724
1.1361
0.932
0.8529
0.6341
0.6095
0.7941
0.597
0.5855
0.6519
0.6054
0.6406
0.8615
0.6595
0.6615
0.6666
0.7408
0.8612
0.6639
0.8465
0.6629
0.7518
0.9267
0.7577
0.713
0.7017
0.6514
0.7255
0.5337
0.5961
0.5895
0.5977
0.8066
0.617
0.5105
0.5612
0.8421
0.5896
0.5708
0.5694
0.5357
0.6374
0.6584
0.6312
0.6534
0.6157
0.5583
0.6069
0.687
0.9009
0.6322
0.6151
0.6176
0.6115
0.6015
0.6158
0.6137
0.7775
0.6521
0.6831
0.637
0.6369
0.5898
0.5591
0.9641
0.6232
0.5855
0.5644
0.554
1.6149
0.6207
1.03
0.5971
0.6601
0.6079
0.5133
0.846
0.5973
0.6184
0.5885
0.7947
0.5499
0.5688
0.5515
0.5574
0.8558
0.6034
0.5444
0.7924
0.6109
0.6642
0.586
0.7828
0.5713
0.5555
0.5665
0.7722
0.6079
0.5605
0.5605
0.8142
0.6132
0.5928
0.5663
0.5285
0.7819
0.6229
0.5699
0.621
0.8293
0.8057
0.7187
0.7944
1.0583
0.8419
0.7592
0.7214
0.9308
0.7532
0.6741
0.855
0.675
0.6508
1.0006
0.7149
0.7124
0.7139
0.678
0.9158
0.6978
0.7646
0.6749
0.8684
0.6798
0.6104
0.6254
0.6363
0.8906
0.6443
0.6619
0.6789
1.0673
0.6101
0.6226
0.6177
0.5851
0.5611
0.8166
0.5927
0.651
0.6194
0.7881
0.6341
0.7028
0.6833
0.6806
0.641
0.7435
0.5743
0.5714
0.5938
0.5926
0.6521
0.7838
0.6868
0.6408
0.6313
0.6536
0.8621
0.6215
0.6702
0.656
0.671
0.6336
0.8751
0.6535
0.7729
0.6995
0.6996
0.9108
0.6641
0.7011
0.6809
0.6406
0.8641
0.65
0.6463
0.6741
0.6336
0.8614
0.6564
0.6261
0.5864
0.6535
0.8862
0.6676
0.6777
0.6684
0.8418
0.6839
0.6734
0.9001
0.6611
0.6566
0.6356
0.676
0.6645
0.7319
0.6728
0.6701
0.6135
0.6635
0.6813
1.2151
0.7547
0.7061
0.6622
0.6563
0.796
0.6101
0.6104
0.6868
0.6879
0.6241
0.9993
0.6503
0.646
0.6463
0.6085
0.6254
0.6929
0.9995
0.5801
0.6386
0.7835
0.9327
0.6434
0.6149
0.6396
0.7733
0.6387
0.6578
0.6457
0.6355
0.6418
0.7824
0.6327
0.6765
0.6702
0.8406
0.6174
0.5819
0.8174
0.6013
0.6593
0.6522
0.9208
0.618
0.5996
0.62
0.8053
0.609
0.58
0.6942
0.5959
0.8817
0.6441
0.6754
0.6635
0.83
0.5994
0.6287
1.2154
0.7075
0.5912
0.8143
0.6069
0.8873
0.9179
0.6227
1.2114
0.6203
0.6188
0.6201
0.598
0.8298
0.5359
0.5736
0.5955
0.8664
0.6463
0.6343
0.5778
0.8871
0.6318
0.6584
0.6165
1.0547
0.6036
0.6046
0.662
0.8692
0.6059
0.6269
0.8461
0.6619
0.6476
0.6579
0.6093
0.8856
0.6591
0.6551
0.7164
0.9712
0.7598
0.6463
0.8667
0.6925
0.9075
0.7105
0.7099
0.6103
0.7212
0.9354
0.8292
1.7321
0.8555
0.5857
0.642
0.6776
1.0975
1.0667
1.0439
0.7321
0.9216
1.1149
0.6492
0.6381
0.6377
0.937
0.6877
0.6974
0.9188
0.6473
0.6766
0.6689
0.5986
0.5889
0.63
0.6856
0.6474
0.6597
0.7
0.8434
0.6247
0.5997
0.5853
0.6219
0.6585
0.8364
0.5813
0.5905
0.5207
0.5721
0.5935
1.0255
0.6265
0.5915
0.4885
0.5855
0.5583
0.6081
0.673
1.0649
0.5455
0.6787
0.594
0.5903
0.5761
0.5662
0.7836
0.5956
0.5534
0.5561
0.5658
0.6355
0.8053
0.5754
0.5863
0.5758
0.552
0.555
0.7844
0.6371
0.7047
0.6025
0.5909
0.6373
0.8283
0.6115
0.6147
0.6566
0.6251
0.7929
0.6121
0.6133
0.5925
0.6039
0.8035
0.5647
0.6576
0.8979
0.6497
0.7105
0.852
0.5557
0.6018
0.6063
0.8552
0.6572
0.6191
0.8619
0.6309
0.7122
0.8949
0.6415
0.8451
0.6111
0.6141
0.6467
0.8013
0.7274
0.6156
0.6042
0.5939
0.8486
0.6143
0.6411
1.0091
0.7949
1.39
0.8061
0.848
1.2402
0.7848
0.8165
0.9747
0.6711
0.6589
0.9171
0.6251
0.668
0.8818
0.8484
0.7774
0.9182
0.5945
0.928
0.7905
0.7185
0.9479
0.8473
0.6753
0.91
0.661
0.6698
1.2382
0.9332
1.1841
0.939
1.1622
0.8948
1.0605
1.2495
1.7204
0.8224
0.988
0.8119
1.025
0.9303
1.1647
0.996
1.1204
0.9284
1.1995
0.7275
0.7346
0.75
1.2071
0.888
0.7525
0.9343
0.7256
0.7549
1.1878
1.0743
1.0055
1.2169
0.8646
0.8238
1.2133
0.8112
0.8132
1.0498
0.8953
0.9214
1.1691
0.8745
0.9092
0.7986
1.2588
0.8495
0.8328
1.1159
0.8269
0.7975
1.0476
0.8076
0.8054
0.8071
1.0764
0.9072
0.8414
1.1012
0.8252
1.1116
0.7969
0.8653
0.793
0.8092
0.7409
0.8164
0.75
0.8724
1.0588
0.79
0.854
0.8209
1.1408
0.7813
0.7613
1.0313
0.8049
0.7877
0.7181
1.628
0.9232
1.1499
1.1776
1.1645
1.3535
1.1229
1.0923
1.178
1.1182
0.924
1.0811
1.0973
1.0235
1.0662
0.8561
1.0506
0.8327
0.8386
0.7564
0.8008
0.81
1.0335
0.8835
0.7901
0.9972
0.7698
0.8249
1.0317
1.3728
1.1089
1.0444
1.0454
0.7214
0.5982
0.8862
2.1058
0.6974
0.6696
1.2031
1.0543
1.1958
1.0153
0.9462
1.0123
1.0048
0.9156
0.828
0.916
0.6568
0.6064
0.8622
0.6147
0.6163
1.0833
0.7689
0.7559
1.0312
0.8784
0.7836
0.7118
1.1151
0.7549
0.7233
0.9616
0.6885
0.716
0.9861
0.944
0.772
1.0391
0.7797
0.82
1.0127
0.7595
0.9109
0.7534
0.775
1.0614
0.7599
0.9907
0.722
0.7493
0.9871
0.7597
0.9082
1.155
0.8991
0.8184
0.8945
0.7765
0.7615
0.781
0.9688
0.7443
0.8835
0.7455
0.806
0.8444
0.785
0.7275
1.0062
0.7478
0.786
1.0948
0.7233
0.7042
0.6756
0.9359
0.6839
0.7469
0.8869
0.685
0.8912
0.9754
0.9097
0.8761
1.6758
0.7826
0.8098
0.7688
0.7296
0.8964
0.9273
0.7113
0.6608
0.6496
0.7103
0.6392
0.8292
0.8415
0.6882
0.7668
0.6536
0.6192
0.8527
0.6554
0.6339
0.6441
0.6395
0.6248
0.8893
1.0046
1.3939
0.9367
0.6382
0.6501
0.7452
1.3398
0.6499
0.6632
0.6232
0.8872
0.7044
0.9366
0.7727
0.7135
0.8451
0.718
0.8546
1.0052
0.7205
0.8204
0.6107
0.6628
0.7785
0.6334
0.6657
0.6807
0.6113
0.641
0.6041
0.6367
0.6495
0.8782
0.5747
0.6351
0.8344
0.6072
0.586
0.5972
0.9951
0.6847
0.6548
0.833
0.9523
0.7149
0.6881
0.9178
0.6709
0.6317
0.8364
0.6099
0.5952
0.8638
0.6013
0.5974
0.9266
0.6518
0.905
0.6799
0.6387
0.8007
0.6175
0.5364
0.8632
0.6379
0.6125
0.8195
0.6092
0.5392
0.5927
0.858
0.6302
0.5983
0.6299
0.8003
0.637
0.6056
0.833
0.6412
0.5964
0.6279
0.9041
0.7244
0.6506
0.7046
0.6498
0.6495
0.6352
0.6332
0.7377
0.7141
0.6596
0.6744
0.6343
0.6407
0.6503
0.6599
0.8697
0.6749
0.6348
0.6452
0.6826
0.7617
0.6496
0.9467
0.9465
0.7591
0.6531
0.7123
0.5609
0.6535
0.6049
0.8277
0.9019
0.6415
0.5624
0.6105
0.6031
0.641
0.6623
0.7237
1.0626
0.6643
0.6563
1.0059
0.6609
0.8134
0.617
1.0618
0.9344
1.2357
1.0097
1.0124
1.2052
0.7603
1.041
0.7969
0.9993
0.8406
0.7732
0.6992
0.9188
0.6483
0.6304
0.5672
0.7643
1.2189
0.6936
0.6038
0.8605
1.5857
0.86
0.6431
0.9091
1.0133
1.1089
0.7454
1.6378
0.6551
1.1122
0.9585
0.6056
0.5992
0.8918
0.5786
0.6017
0.9464
0.5947
0.5851
0.6093
0.9092
0.7472
0.9655
0.558
0.6105
0.7255
0.6745
0.611
0.8719
0.7838
0.7383
0.5988
0.8298
0.8368
0.6104
0.6188
0.8897
0.7473
0.5912
0.7172
0.6341
0.9488
0.8646
0.9241
0.6318
0.8128
0.8806
1.1165
0.8031
0.9735
1.1547
0.9864
1.3161
1.0007
1.1452
0.693
1.1262
0.8982
1.0159
0.6497
0.637
0.8141
0.9667
0.8982
1.1248
0.7094
1.0856
0.8918
0.6705
0.5749
0.6126
0.8726
0.6718
0.618
0.6782
0.9767
0.7718
0.9509
0.9171
0.7426
1.0366
0.6305
0.7853
0.9299
0.7062
0.7493
0.8422
0.5939
0.6842
1.0071
0.9593
0.6818
0.6383
0.8678
0.6476
0.7241
0.9458
0.7445
0.8268
1.3394
0.7688
6.7581
0.7904
1.0052
1.1896
0.719
0.7434
0.7335
1.1464
0.8726
1.0837
0.83
0.8134
0.559
0.5719
0.5438
0.5562
0.5605
0.5502
0.5607
0.575
0.5562
0.7799
0.5326
0.548
0.5251
0.5349
0.7413
0.6339
0.5474
0.6578
0.5308
0.5782
1.0318
0.5785
0.5659
0.4807
0.5284
0.6026
0.9258
0.5766
0.5495
0.5382
0.5397
0.6211
0.7745
0.6472
0.5343
0.5383
0.5296
0.5937
0.6048
0.8511
0.6201
0.608
0.9101
0.8744
0.7937
0.6222
0.5702
0.5324
0.5154
0.5399
0.512
0.5786
0.5415
0.5527
0.5112
0.6028
0.5358
0.5626
0.5744
0.5728
0.7082
0.8963
0.5188
0.517
0.4592
0.4997
0.5155
0.5444
0.5116
0.5653
0.8883
0.8234
0.8452
0.6115
0.933
0.5921
0.5403
0.5445
0.6009
0.5969
0.5409
0.5462
0.5556
0.6496
1.1232
0.6088
0.7785
0.586
0.6267
0.6213
0.8546
0.6596
0.6655
0.837
0.6332
0.664
0.8191
0.6384
0.6131
0.5929
0.833
0.6032
0.587
0.8176
0.607
0.6077
0.6165
0.9049
0.6087
0.6059
0.7833
0.5498
0.588
0.771
0.5811
0.5952
0.7618
0.6127
0.6416
0.6605
0.6293
0.5921
0.5849
0.5558
0.5641
0.5949
0.8456
0.6456
0.588
0.5928
0.8578
0.7456
0.6756
0.6907
0.8726
0.6262
0.6655
1.0639
0.6266
0.8142
1.0561
0.8515
0.6818
1.9561
0.9514
0.6595
1.0536
