NVIDIA RTX A5000 Laptop GPU, Driver version: 550.120.0.0
1.9255
1.40305
1.44746
1.41364
1.39437
1.40708
1.39399
1.41923
1.41952
1.39171
1.44325
1.415
1.39836
1.41117
1.39387
1.4018
1.38401
1.39825
1.46557
1.41182
1.40395
1.39235
1.41059
1.42458
1.39696
1.40363
1.46134
1.41023
1.39763
1.39788
1.40226
1.40018
1.41275
1.40324
1.46363
1.40536
1.41556
1.40551
1.40045
1.41742
1.41329
1.40883
1.44583
1.39424
1.4047
1.39453
1.40551
1.42184
1.4276
1.4149
1.46231
1.41886
1.41624
1.40313
1.41411
1.46028
1.36617
1.35998
1.37145
1.3738
1.36661
1.3715
1.37686
1.3817
1.04844
1.07412
1.04088
1.02276
1.02804
1.02628
1.03308
1.02904
1.03256
1.0267
1.01173
1.01221
1.01691
1.00975
1.02444
1.02895
1.04032
1.03525
1.02524
1.01275
1.04635
1.05659
1.03982
1.04015
1.03365
1.03491
1.03732
1.02599
1.04458
1.03861
1.03061
1.03308
1.04353
1.03687
1.0307
1.03016
1.03456
1.02534
1.03077
1.04825
1.03181
1.02541
1.03985
1.01788
1.03327
1.03552
1.0269
1.01859
1.03159
1.03117
1.04119
1.03172
1.03961
1.03368
1.04032
1.02978
1.04032
1.03056
1.04703
1.03738
1.05442
1.0395
1.03737
1.03039
1.04042
1.0352
1.03164
1.04256
1.03181
1.02444
1.00986
1.00981
1.02593
1.03255
1.02314
1.02318
1.02588
1.01336
1.01501
1.0095
1.0144
1.01459
1.02612
1.03895
1.03054
1.09266
1.0278
1.03115
1.03088
1.031
1.03302
1.03742
1.03248
1.02452
1.03854
1.03749
1.03938
1.04028
1.02309
1.0386
1.02813
1.0409
1.02854
1.03409
1.03887
1.017
1.01261
1.00981
1.02323
1.01482
1.01406
1.02374
1.05048
1.04531
1.02571
1.03997
1.03025
1.02688
1.04226
1.13506
1.12776
1.04259
1.03524
1.03485
1.03703
1.03973
1.03767
1.02971
1.0358
1.02234
1.01584
1.02506
1.04824
1.03869
1.0231
1.01601
1.02236
1.01503
1.01335
1.02416
1.04376
1.03132
1.04861
1.04018
1.03173
1.02976
1.04127
1.02916
1.04327
1.03612
1.02675
1.04805
1.04875
1.0358
1.0429
1.0447
1.03577
1.04781
1.0415
1.03689
1.02905
1.02702
1.0107
1.01853
1.01963
1.01606
1.01533
1.01256
1.01326
1.02648
1.03224
1.03868
1.0379
1.03956
1.03292
1.03099
1.04059
1.02738
1.03238
1.04249
1.03654
1.04131
1.03982
1.03201
1.03181
1.03474
1.03364
1.03609
1.75361
1.04058
1.04268
1.05262
1.05472
1.03699
1.04734
1.0487
1.03709
1.02564
1.03153
1.04709
1.04548
1.03267
1.04115
1.0279
1.04349
1.04051
1.03848
1.03991
1.06048
1.0394
1.04153
1.04127
1.04881
1.04098
1.02912
1.03922
1.02816
1.03037
1.04182
1.048
1.03331
1.03874
1.02869
1.01473
1.027
1.02048
1.01547
1.0183
1.03786
1.04637
1.03329
1.01114
1.02692
1.05217
1.03783
1.03457
1.02598
1.02794
1.04313
1.0373
1.04791
1.04557
1.03951
1.03853
1.04674
1.03482
1.0404
1.03083
1.03703
1.04929
1.0495
1.02575
1.02626
1.01951
1.02339
1.02288
1.02114
1.03002
1.04729
1.03396
1.02215
1.04258
9.70271
1.12639
1.10593
1.05259
1.0465
1.05102
1.0455
1.0355
1.04182
1.04533
1.0435
1.0498
1.04565
1.03775
1.03838
1.04181
1.03813
1.04376
1.0376
1.03341
1.03556
1.02356
1.01367
1.02839
1.04144
1.02997
1.04394
1.05417
1.0389
1.04033
1.04775
1.03417
1.03721
1.04383
1.0506
1.04301
1.03684
1.04767
1.04576
1.05519
1.04051
1.04266
1.03898
1.03814
1.03213
1.0537
1.04675
1.04302
1.02886
1.02604
1.02511
1.0243
1.0324
1.04116
1.04293
1.0429
1.05317
1.04281
1.053
1.0423
1.04074
1.02978
1.043
1.04394
1.03626
1.03526
1.04052
1.02979
1.03559
1.03384
1.04694
1.03655
1.02864
1.03046
1.04331
1.03712
1.02675
1.01906
1.01778
1.0185
1.02278
1.02466
1.04396
1.03585
1.03336
1.04081
1.04424
1.04518
1.04649
1.03289
1.04907
1.05118
1.02926
1.03661
1.04944
1.03806
1.03973
1.03345
1.03334
1.04273
1.02127
1.02435
1.0377
1.05482
1.03959
1.02473
1.02719
1.02234
1.03558
1.03535
1.04928
1.04503
1.03987
1.03789
1.04433
1.03979
1.04285
1.03521
1.03829
1.04796
1.0394
1.03875
1.04904
1.03934
1.05251
1.03818
1.02905
1.02735
1.02283
1.01553
1.02588
1.0432
1.03883
1.03998
1.03224
1.03929
1.03906
1.03993
1.04054
1.0516
1.04437
1.03971
1.05307
1.03315
1.03599
1.0432
1.03505
1.05416
1.05124
1.06103
1.05347
1.03381
1.04757
1.04408
1.03617
1.02623
1.02025
1.01214
1.027
1.01928
1.04641
1.0401
1.04893
1.03514
1.04027
1.04019
1.03546
1.03394
1.03441
1.02784
1.03532
1.04017
1.05313
1.04461
1.04002
1.03539
1.03152
1.05202
1.04541
1.03377
1.04753
1.0311
1.76053
1.05513
1.04045
1.03597
1.02964
1.03319
1.03299
1.0314
1.02969
1.03177
1.03197
1.04639
1.04246
1.0431
1.04662
1.05228
1.05021
1.04808
1.05472
1.04424
1.04534
1.05338
1.04842
1.05111
1.0439
1.05756
1.04955
1.05681
1.05135
1.038
1.02934
1.02754
1.03673
1.05619
1.04749
1.05038
1.05987
1.04837
1.0412
1.03962
1.05241
1.04162
1.04789
1.03972
1.03524
1.03777
1.0515
1.05491
1.03334
1.03082
1.02934
1.04006
1.03263
1.03771
1.05637
1.05244
1.0616
1.05565
1.05114
1.05296
1.05639
1.04658
1.05515
1.04655
1.04614
1.05917
1.05708
1.04542
1.04492
1.03046
1.01787
1.0333
1.05889
1.03561
1.02766
1.03283
1.05319
1.0444
1.04153
1.03827
1.03927
1.04387
1.03497
1.0421
1.04408
1.05651
1.04492
1.04402
1.03799
1.03852
1.04515
1.06112
1.05097
1.03221
1.03361
1.05322
1.03819
1.03258
1.03136
1.02714
1.03892
1.05587
1.02811
1.03103
1.0399
1.03961
1.03455
1.04584
1.0425
1.03674
1.04556
1.04213
1.03933
1.05767
1.04428
1.03878
1.04635
1.04285
1.03815
1.03321
1.02177
1.02634
1.02468
1.03202
1.04082
1.03795
1.03159
1.04521
1.04454
1.05008
1.04459
1.03601
1.04034
1.04798
1.0468
1.0449
1.05849
1.05408
1.04354
1.0414
1.06535
1.05177
1.04076
1.03886
1.05776
1.03395
1.02951
1.03106
1.03461
1.0264
1.04421
1.06343
1.04819
1.04628
1.04593
1.04263
1.04012
1.05405
1.05133
1.05138
1.05646
1.04593
1.05212
1.04254
1.04403
1.02991
1.02814
1.02717
1.02981
1.02617
1.0308
1.04132
1.03971
1.05411
1.04303
1.05188
1.04275
1.04778
1.04233
1.04951
1.05128
1.04081
1.05469
1.05211
1.05492
1.04788
1.04169
1.03732
1.05817
1.03492
1.04217
1.04112
1.03984
1.031
1.03189
1.04097
1.05306
1.03687
1.04757
1.04361
1.04637
1.0463
1.05446
1.04768
1.04661
1.04177
1.03965
1.04619
1.04012
1.03225
1.03954
1.04451
1.04485
1.03134
1.02755
1.02814
1.0297
1.02625
1.0247
1.04513
1.04096
1.13295
1.03987
1.05933
1.05228
1.04079
1.03981
1.03776
1.04947
1.05372
1.03924
1.03684
1.03969
1.03976
1.04287
1.02751
1.02476
1.02824
1.03818
1.04515
1.04834
1.03975
1.03558
1.03977
1.04747
1.05511
1.04436
1.05047
1.04788
1.04756
1.04688
1.0451
1.04247
1.04157
1.03758
1.04868
1.76005
1.06233
1.06276
1.05128
1.49705
1.35243
1.3528
1.34102
1.35851
1.34906
1.35737
1.36303
1.34885
1.34314
1.3519
1.35257
1.34745
1.35062
1.35942
1.35519
1.36796
1.3586
1.35384
1.33933
1.35026
1.35475
1.34444
1.34251
1.34803
1.34201
1.33806
1.34619
1.34329
1.34779
1.35445
1.35445
1.37305
1.35742
1.35364
1.35001
1.35524
1.36956
1.35773
1.35155
1.36985
1.37257
1.35648
1.36886
1.35279
1.3721
1.35879
1.35323
1.37884
1.36527
1.36077
1.34054
1.36063
1.34362
1.34635
1.35427
1.35469
1.35393
1.35291
1.34839
1.35449
1.35187
1.35737
1.35587
1.06688
1.06518
1.06722
1.06257
1.04889
1.05361
1.03423
1.04088
1.06947
1.05102
1.05695
1.05435
1.05515
1.05171
1.06284
1.05442
1.07502
1.05615
1.05874
1.04819
1.07132
1.05515
1.04698
1.0406
1.03469
1.03832
1.04679
1.04561
1.04479
1.05614
1.06598
1.07111
1.06287
1.05637
1.07024
1.06285
1.05888
1.06916
1.06789
1.05685
1.07737
1.05855
1.04366
1.04484
1.04438
1.0388
1.05124
1.06445
1.05869
1.05936
1.05893
1.06089
1.06283
1.06225
1.05627
1.05868
1.07443
1.06098
1.08764
1.04652
1.05398
1.05475
1.04639
1.06471
1.08225
1.06103
1.06028
1.07289
1.06365
1.06072
1.04455
1.05106
1.05912
1.05353
1.05688
1.04786
1.04026
1.0478
1.04566
1.0523
1.05381
1.04357
1.04813
1.05442
1.0538
1.0523
1.04872
1.05271
1.05152
1.05502
1.04906
1.04758
1.05064
1.0477
1.04412
1.0714
1.07923
1.05978
1.05865
1.05659
1.0546
1.05261
1.0564
1.04694
1.04772
1.05337
1.07271
1.06566
1.06442
1.04304
1.04791
1.0502
1.05257
1.04236
1.0357
1.04239
1.0482
1.05883
1.04293
1.05286
1.05268
1.04963
1.05293
1.04391
1.0421
1.05313
1.07212
1.05801
1.06764
1.05044
1.06739
1.04854
1.05461
1.05725
1.04688
1.03501
1.04205
1.03756
1.04561
1.05546
1.05264
1.04711
1.05236
1.04256
1.06317
1.04839
1.04026
1.04555
1.04273
1.03964
1.05399
1.04202
1.0563
1.05299
1.04487
1.04939
1.05536
1.02546
1.02931
1.03689
1.05567
1.04306
1.04731
1.0488
1.05335
1.06085
1.04306
1.05198
1.04701
1.04973
1.04339
1.03372
1.04041
1.04246
1.06638
1.04682
1.04133
1.03494
1.0325
1.03022
1.03299
1.04281
1.05759
1.05017
1.05284
1.04668
1.05108
1.04833
1.76659
1.04706
1.05562
1.07987
1.07395
1.05393
1.06577
1.0519
1.06835
1.05625
1.06012
1.04925
1.05032
1.05942
1.04746
1.04516
1.04653
1.06851
1.05454
1.05422
1.06341
1.06099
1.05784
1.05956
1.05949
1.06088
1.05315
1.04983
1.05822
1.06726
1.04329
1.03668
1.04648
1.048
1.03551
1.04533
1.06705
1.05743
1.05719
1.07422
1.06316
1.06015
1.06414
1.05541
1.06124
1.05689
1.05476
1.04874
1.03844
1.03419
1.04374
1.04435
1.07561
1.06495
1.0629
1.0614
1.06205
1.05604
1.0661
1.06008
1.05272
1.05171
1.05529
1.06801
1.05323
1.04601
1.0421
1.05215
1.05551
1.03431
1.04554
1.04292
1.04118
1.05429
1.05283
1.05021
1.05075
1.04098
1.05707
1.05151
1.06272
1.06221
1.05154
1.05088
1.04813
1.05069
1.04539
1.02971
1.0325
1.03341
1.04707
1.03725
1.04421
1.05142
1.05138
1.04939
1.05079
1.0474
1.03889
1.05103
1.06172
1.04591
1.05571
1.05598
1.04754
1.06314
1.05941
1.04401
1.04945
1.0413
1.04375
1.0394
1.0396
1.07458
1.05344
1.05762
1.05665
1.06001
1.06186
1.05961
1.06204
1.05171
1.04603
1.04243
1.0618
1.0432
1.04629
1.05104
1.04678
1.03278
1.02868
1.02872
1.04758
1.05965
1.06214
1.05103
1.05154
1.05572
1.05343
1.0541
1.06964
1.04755
1.04863
1.04885
1.0594
1.0526
1.03596
1.04883
1.07166
1.05792
1.03728
1.04904
1.05473
1.06247
1.05032
1.05232
1.06632
1.05776
1.05267
1.05831
1.07471
1.05646
1.05928
1.05046
1.07221
1.05102
1.07069
1.08229
1.06261
1.05219
1.05981
1.05189
1.0634
1.05848
1.09542
1.06135
1.05419
1.05632
1.0563
1.06106
1.06113
1.04784
1.04328
1.03845
1.05002
1.0728
1.05593
1.04722
1.05496
1.05827
1.06347
1.06066
1.06779
1.06843
1.05793
1.05605
1.05631
1.05846
1.03029
1.02506
1.03123
1.03282
1.03163
1.041
1.07108
1.05527
1.05477
1.04481
1.04644
1.05835
1.05165
1.04666
1.05721
1.05165
1.05846
1.04922
1.05376
1.10216
1.06372
1.16629
1.23255
1.18908
1.06805
1.05583
1.06545
1.06619
1.06284
1.05668
1.07423
1.0637
1.06445
1.06366
1.06169
1.06779
1.06936
1.06403
1.07164
1.06757
1.06185
1.06559
1.06587
1.06711
1.06463
1.06095
1.0745
1.07374
1.06354
1.05785
1.05853
1.07378
1.0528
1.05313
1.05976
1.05915
1.0759
1.05462
1.76688
1.05697
1.06337
1.07328
1.06938
1.06185
1.07472
1.06245
1.05024
1.05539
1.07331
1.0697
1.06498
1.06707
1.08183
1.07155
1.07644
1.0676
1.06459
1.06287
1.06604
1.05327
1.05479
1.05054
1.04503
1.04447
1.05453
1.06303
1.06851
1.0678
1.06815
1.07235
1.06448
1.06537
1.07587
1.07109
1.09501
1.05501
1.05447
1.06428
1.06869
1.05362
1.06041
1.05772
1.07253
1.06424
1.07044
1.05748
1.07265
1.07925
1.07683
1.06214
1.07311
1.09828
1.07249
1.04625
1.06777
1.06382
1.07467
1.06239
1.07112
1.06319
1.06862
1.07019
1.06739
1.0693
1.06378
1.07234
1.05807
1.05627
1.0399
1.0407
1.06258
1.06162
1.05334
1.05226
1.06824
1.05696
1.0526
1.06245
1.06087
1.04945
1.06064
1.06913
1.07247
1.06635
1.05322
1.03929
1.0422
1.04907
1.0535
1.05788
1.06553
1.05434
1.06418
1.06082
1.04998
1.04415
1.05493
1.05793
1.0586
1.06184
1.05496
1.06036
1.05086
1.05791
1.06269
1.06607
1.05853
1.07435
1.05137
1.05245
1.05808
1.05219
1.0535
1.04988
1.05794
1.07067
1.05294
1.0549
1.03602
1.04663
1.0465
1.0541
1.07095
1.04786
1.05573
1.06067
1.05108
1.05443
1.05373
1.05313
1.0753
1.05796
1.06532
1.05083
1.05412
1.06208
1.04113
1.04025
1.04981
1.04383
1.0538
1.07076
1.067
1.06121
1.07487
1.06086
1.0629
1.05961
1.05935
1.05031
1.06113
1.04749
1.05319
1.05422
1.03733
1.04304
1.04206
1.04129
1.0556
1.06648
1.06392
1.06264
1.06559
1.06249
1.06065
1.05585
1.05453
1.05726
1.05675
1.05284
1.07081
1.0642
1.05472
1.05161
1.05707
1.06435
1.06556
1.05865
1.0657
1.05715
1.05716
1.04893
1.05656
1.0483
1.06339
1.04919
1.05619
1.04763
1.05764
1.0378
1.04724
1.05458
1.06686
1.06363
1.05371
1.05133
1.05028
1.042
1.06485
1.05285
1.04547
1.04994
1.05788
1.05781
1.0581
1.04497
1.065
1.06168
1.06264
1.05174
1.05918
1.05377
1.05529
1.05441
1.04982
1.05163
1.04971
1.04473
1.05111
1.04808
1.05514
1.04714
1.0587
1.05291
1.04438
1.03977
1.05886
1.05288
1.05586
1.05655
1.04637
1.05372
1.04997
1.05028
1.05791
1.05037
1.05481
1.0544
1.05526
1.05683
1.06087
1.05051
1.05784
1.05828
1.0506
1.03885
1.04662
1.03371
1.04091
1.03639
1.051
1.04507
1.05582
1.05742
1.7745
1.05414
1.04584
1.06379
1.09576
1.06063
1.06393
1.05723
1.06187
1.06485
1.0584
1.05235
1.06102
1.05741
1.06313
1.0613
1.06427
1.07214
1.0741
1.08092
1.06912
1.06492
1.06354
1.06966
1.06144
1.05452
1.06253
1.0672
1.07227
1.05751
1.05893
1.05852
1.06798
1.06254
1.06325
1.06076
1.07027
1.07257
1.05678
1.06688
1.06952
1.06357
1.07338
1.06612
1.08121
1.06599
1.06663
1.05315
1.07587
1.06759
1.05855
1.06999
1.0718
1.06044
1.06891
1.07526
1.06949
1.05622
1.06344
1.06032
1.08616
1.08118
1.04575
1.05595
1.07704
1.06204
1.07117
1.06874
1.06326
1.07234
1.06944
1.06517
1.05911
1.05044
1.06335
1.06912
1.0658
1.04994
1.05022
1.06846
1.05037
1.05752
1.05888
1.07092
1.06558
1.05369
1.07634
1.0668
1.05686
1.05016
1.05737
1.05175
1.06775
1.05031
1.03851
1.05081
1.06442
1.06444
1.06023
1.04678
1.06765
1.06337
1.0761
1.05442
1.06544
1.04474
1.06311
1.05145
1.06905
1.06966
1.05601
1.07249
1.05666
1.06391
1.05317
1.05074
1.06977
1.0672
1.05495
1.0653
1.06455
1.05945
1.05363
1.14772
1.04711
1.04165
1.05035
1.0549
1.07271
1.05612
1.06025
1.07448
1.06482
1.06209
1.06452
1.06835
1.08564
1.07211
1.06611
1.05571
1.06006
1.06305
1.05642
1.07844
1.06905
1.06681
1.06507
1.07827
1.07706
1.08343
1.07294
1.07339
1.06217
1.05682
1.05583
1.05871
1.05609
1.05105
1.05358
1.05907
1.05928
1.06337
1.07627
1.08323
1.06943
1.06858
1.06551
1.06953
1.06633
1.06523
1.0702
1.04284
1.05734
1.06094
1.07344
1.06224
1.07027
1.05236
1.06872
1.06341
1.07847
1.06438
1.07009
1.05931
1.07184
1.05131
1.06207
1.07809
1.0953
1.06014
1.06147
1.05181
1.05316
1.18196
1.06008
1.06205
1.06477
1.05049
1.06234
1.04278
1.04961
1.04913
1.04766
1.06507
1.07081
1.05284
1.05621
1.06137
1.06687
1.05644
1.05187
1.05569
1.06242
1.06444
1.05976
1.0553
1.0639
1.05848
1.04614
1.04868
1.05852
1.07342
1.05535
1.05459
1.04967
1.067
1.0567
1.0544
1.06597
1.06906
1.0618
1.05931
1.05364
1.05417
1.04622
1.04003
1.05078
1.03902
1.03816
1.0404
1.05606
1.05367
1.0527
1.05287
1.06753
1.06883
1.07102
1.05844
1.06767
1.06092
1.06094
1.05445
1.05293
1.04993
1.05582
1.06324
1.76758
1.05063
1.05916
1.04135
1.05482
1.05162
1.06593
1.07453
1.06952
1.0727
1.06215
1.06655
1.07383
1.06536
1.07184
1.05642
1.0611
1.07067
1.04786
1.06707
1.08201
1.06305
1.0642
1.06322
1.06887
1.05432
1.07205
1.05909
1.07106
1.08344
1.06472
1.07389
1.04799
1.04809
1.0395
1.04748
1.05715
1.05444
1.0649
1.07733
1.06605
1.0749
1.07587
1.06136
1.06448
1.06563
1.05963
1.06058
1.08055
1.11063
1.06653
1.05225
1.07619
1.073
1.07388
1.07472
1.06077
1.07004
1.08279
1.06286
1.07806
1.0725
1.07807
1.06078
1.0559
1.07001
1.07661
1.05903
1.06266
1.05499
1.05602
1.04466
1.05895
1.07031
1.06209
1.05835
1.06514
1.06082
1.06117
1.0488
1.04425
1.07408
1.05624
1.0577
1.07069
1.06014
1.05457
1.06072
1.0503
1.06289
1.04943
1.05306
1.06366
1.06341
1.06609
1.04535
1.05096
1.04416
1.05241
1.05758
1.07088
1.04699
1.0544
1.05523
1.06265
1.05437
1.05485
1.06316
1.06431
1.06417
1.06674
1.05563
1.05378
1.04553
1.06757
1.06332
1.07663
1.05875
1.06071
1.05194
1.0663
1.06845
1.05155
1.07035
1.0596
1.07251
1.05664
1.04974
1.05219
1.04341
1.03303
1.04494
1.08633
1.07699
1.06784
1.05853
1.06423
1.06511
1.0544
1.05094
1.07002
1.0718
1.07019
1.06657
1.06265
1.05907
1.04982
1.05992
1.06574
1.06512
1.0631
1.05818
1.05743
1.06847
1.06208
1.05693
1.08354
1.07186
1.07105
1.05591
1.07549
1.06825
1.07577
1.05944
1.06256
1.05714
1.06317
1.07137
1.06001
1.06328
1.05713
1.05892
1.06345
1.0511
1.05126
1.06364
1.07806
1.07422
1.0668
1.05857
1.05363
1.06891
1.06837
1.0629
1.06368
1.05267
1.06321
1.06001
1.06868
1.05809
1.07241
1.05444
1.06109
1.04634
1.05366
1.04093
1.06543
1.04829
1.05404
1.05932
1.05554
1.0581
1.05399
1.05191
1.05891
1.07069
1.05368
1.05328
1.05213
1.05058
1.04707
1.05266
1.05064
1.03789
1.05828
1.03925
1.0493
1.05228
1.05627
1.05272
1.06027
1.06816
1.0674
1.07196
1.05682
1.04048
1.0472
1.04869
1.08023
1.06548
1.05368
1.05661
1.07893
1.05296
1.06339
1.06119
1.0537
1.04916
1.05906
1.05165
1.05994
1.06117
1.06294
1.05476
1.06815
1.05692
1.04349
1.03945
1.14517
1.15986
1.06633
1.05786
1.06853
1.05194
1.0568
1.05718
1.7731
1.0554
1.05665
1.05157
1.08452
1.04649
1.06255
1.0533
1.06581
1.06081
1.04797
1.05219
1.0707
1.06825
1.08259
1.06133
1.06155
1.06919
1.0723
1.05545
1.07373
1.05739
1.07343
1.06971
1.06211
1.06613
1.04996
1.05533
1.06266
1.07868
1.08106
1.06255
1.08378
1.08425
1.07493
1.06821
1.07934
1.06475
1.07177
1.07851
1.06129
1.05431
1.05568
1.05551
1.06924
1.06486
1.05607
1.06963
1.06328
1.05879
1.07607
1.06434
1.06467
1.07226
1.06536
1.05839
1.05976
1.05545
1.05599
1.06566
1.05635
1.06893
1.06267
1.0537
1.06166
1.06138
1.07891
1.07841
1.06033
1.0507
1.03814
1.05997
1.04969
1.0533
1.06091
1.04271
1.07091
1.05324
1.06936
1.05841
1.05799
1.05369
1.05308
1.0466
1.05612
1.04956
1.05528
1.06177
1.04437
1.04587
1.06275
1.06488
1.07198
1.07223
1.06895
1.05866
1.06831
1.07245
1.05763
1.06272
1.08156
1.06904
1.05338
1.06211
1.05738
1.05196
1.04007
1.0497
1.07021
1.06373
1.05153
1.06018
1.05462
1.07454
1.07099
1.06108
1.06008
1.06044
1.06657
1.07176
1.07779
1.05336
1.05119
1.04779
1.07025
1.0586
1.05948
1.06616
1.07794
1.04802
1.06813
1.05549
1.08269
1.07873
1.06013
1.05331
1.0742
1.05676
1.063
1.04577
1.07635
1.07093
1.06084
1.07517
1.06957
1.06733
1.06926
1.05372
1.08496
1.06595
1.06496
1.04944
1.04808
1.04076
1.05016
1.04324
1.05645
1.06617
1.07703
1.05751
1.0761
1.08044
1.0678
1.07907
1.07929
1.08199
1.07837
1.05399
1.06286
1.06941
1.0588
1.06325
1.06984
1.06192
1.0766
1.0648
1.05542
1.05991
1.07133
1.07302
1.0779
1.06394
1.05908
1.06844
1.06606
1.06199
1.07775
1.05937
1.07374
1.05738
1.06383
1.06971
1.07371
1.06222
1.06307
1.06857
1.06218
1.04872
1.05552
1.04899
1.03673
1.04451
1.06144
1.06084
1.05936
1.06033
1.07058
1.04631
1.06405
1.07219
1.06113
1.04934
1.07377
1.04933
1.05443
1.06035
1.05254
1.04482
1.06947
1.06431
1.06885
1.06611
1.06994
1.06118
1.06834
1.06005
1.06102
1.05168
1.07116
1.06376
1.0709
1.05258
1.06732
1.04848
1.07109
1.05903
1.07876
1.06282
1.06805
1.05401
1.06879
1.05699
1.06447
1.05136
1.05697
1.05054
1.07772
1.04126
1.0443
1.04258
1.05443
1.0455
1.05374
1.06493
1.05819
1.04936
1.77357
1.06463
1.05052
1.04841
1.08235
1.0541
1.0516
1.05682
1.05498
1.05409
1.05527
1.0652
1.07722
1.06056
1.05791
1.05835
1.06977
1.05625
1.07711
1.0688
1.06637
1.05786
1.05823
1.05451
1.06499
1.0595
1.05401
1.0604
1.06431
1.07302
1.06323
1.06745
1.06563
1.05477
1.06787
1.08609
1.0732
1.06522
1.08002
1.06557
1.05877
1.06356
1.06804
1.06481
1.07622
1.06915
1.05651
1.04923
1.07333
1.07093
1.06524
1.06049
1.07095
1.06562
1.06273
1.06964
1.08468
1.07214
1.06395
1.09129
1.06247
1.07174
1.07162
1.05292
1.06052
1.0562
1.06104
1.06044
1.06086
1.06716
1.05818
1.05133
1.0642
1.04641
1.04488
1.06305
1.06982
1.04884
1.05175
1.04987
1.05269
1.06881
1.05937
1.05988
1.06357
1.05811
1.06998
1.05155
1.05207
1.0484
1.04786
1.05236
1.04886
1.09197
1.06165
1.04527
1.06641
1.0613
1.04797
1.06686
1.06324
1.0491
1.05342
1.06158
1.0594
1.06139
1.05372
1.05358
1.05921
1.05829
1.05846
1.05227
1.03572
1.04556
1.13358
1.21083
1.12671
1.04593
1.05374
1.05173
1.05895
1.05767
1.05316
1.05906
1.05332
1.05337
1.06317
1.06428
1.24909
1.15745
1.06306
1.04994
1.0895
1.05613
1.05725
1.05881
1.05709
1.03825
1.04903
1.06905
1.06463
1.07029
1.08634
1.07685
1.06508
1.06345
1.06679
1.05505
1.06626
1.07793
1.06319
1.07106
1.05659
1.0404
1.04953
1.06994
1.06441
1.06071
1.08189
1.06293
1.07562
1.08325
1.07178
1.06223
1.08689
1.09133
1.0753
1.04612
1.07654
1.0753
1.06953
1.0636
1.06796
1.05827
1.0559
1.06834
1.0707
1.07333
1.06657
1.07588
1.04912
1.03763
1.03612
1.04841
1.06641
1.07351
1.06407
1.06473
1.06628
1.06358
1.06747
1.05519
1.06243
1.06335
1.06705
1.07533
1.06379
1.05246
1.03499
1.04403
1.05992
1.04512
1.0588
1.05579
1.06894
1.05454
1.0628
1.05279
1.05675
1.05622
1.05261
1.06045
1.08064
1.05307
1.04333
1.03285
1.04557
1.04071
1.05265
1.06994
1.06682
1.06549
1.06084
1.06333
1.07989
1.0738
1.05764
1.05692
1.07093
1.07376
1.07583
1.05947
1.04643
1.05379
1.05801
1.05483
1.0681
1.05182
1.05604
1.05671
1.06069
1.05431
1.05942
1.05951
1.05956
1.05177
1.05774
1.05462
1.05902
1.04408
1.05309
1.05741
1.07676
1.07561
1.06342
1.05525
1.77232
1.06461
1.05416
1.05503
1.06947
1.05709
1.06498
1.05335
1.06227
1.07385
1.09177
1.06298
1.07118
1.07575
1.06145
1.04717
1.04933
1.07729
1.06942
1.07009
1.07444
1.07163
1.06371
1.07828
1.07225
1.07532
1.07946
1.0626
1.05739
1.04878
1.06461
1.05937
1.07235
1.06133
1.07492
1.06709
1.0743
1.15695
1.07553
1.06963
1.07496
1.08576
1.06994
1.06575
1.0693
1.07699
1.06375
1.06519
1.07075
1.06029
1.07471
1.06384
1.07227
1.06547
1.07317
1.06654
1.07242
1.05095
1.04908
1.06205
1.0828
1.07034
1.05916
1.06629
1.07197
1.0639
1.07012
1.07732
1.07762
1.06973
1.05264
1.04581
1.05086
1.0637
1.06039
1.07384
1.07558
1.07066
1.06604
1.06089
1.07364
1.06619
1.06275
1.07619
1.06931
1.07596
1.06425
1.06818
1.05536
1.04848
1.05554
1.05814
1.05996
1.0553
1.07118
1.06105
1.07875
1.05502
1.05316
1.05418
1.0675
1.05274
1.06879
1.06507
1.05716
1.05029
1.07488
1.07482
1.05946
1.05718
1.0488
1.05779
1.0631
1.05329
1.06752
1.05733
1.0562
1.05549
1.05976
1.05882
1.0552
1.06586
1.05422
1.07151
1.05963
1.05231
1.05755
1.04833
1.07253
1.06848
1.05927
1.0586
1.08525
1.06403
1.06343
1.07553
1.06814
1.04853
1.06144
1.07526
1.07264
1.06114
1.06271
1.06525
1.06059
1.07772
1.06329
1.05809
1.08286
1.06112
1.05949
1.05544
1.0584
1.04868
1.05771
1.06627
1.06593
1.08487
1.06757
1.07663
1.07516
1.07104
1.0668
1.06073
1.07511
1.06049
1.07686
1.06557
1.07267
1.07784
1.07502
1.05912
1.07463
1.06702
1.05525
1.07822
1.06373
1.06464
1.06628
1.05025
1.05796
1.04916
1.0536
1.07515
1.0798
1.05812
1.05952
1.07074
1.06765
1.05683
1.06784
1.06606
1.08474
1.07777
1.07387
1.05967
1.05869
1.04759
1.04157
1.04078
1.063
1.04691
1.05034
1.05174
1.05835
1.05442
1.05988
1.05404
1.05288
1.05458
1.06195
1.06593
1.07551
1.0407
1.07666
1.05592
1.07353
1.05382
1.06309
1.06148
1.06538
1.07336
1.06395
1.05747
1.14521
1.05958
1.05066
1.04608
1.05799
1.04976
1.04708
1.04943
1.05823
1.07137
1.05772
1.05673
1.06107
1.08057
1.05773
1.05782
1.05861
1.04855
1.05176
1.06747
1.05418
1.04892
1.06369
1.07109
1.08307
1.06391
1.06814
1.06874
1.06335
1.05066
1.0609
1.05903
1.77073
1.07932
1.06588
1.05985
1.08915
1.07526
1.05752
1.06913
1.05767
1.06766
1.07282
1.08069
1.0839
1.07944
1.07709
1.06765
1.07687
1.06046
1.0718
1.069
1.08414
1.0746
1.07173
1.06648
1.07595
1.05982
1.08125
1.06442
1.084
1.07491
1.07578
1.07827
1.06745
1.07618
1.08344
1.06709
1.07512
1.06315
1.07838
1.07434
1.07849
1.06923
1.08162
1.07677
1.09145
1.08635
1.0689
1.06481
1.08051
1.06639
1.07049
1.05925
1.09846
1.09511
1.08825
1.07252
1.08055
1.07466
1.07965
1.06618
1.09211
1.07584
1.06061
1.06819
1.08291
1.07127
1.0783
1.08919
1.07543
1.06405
1.06591
1.06151
1.05883
1.06427
1.05931
1.06088
1.0638
1.06049
1.05884
1.06173
1.06158
1.07378
1.06415
1.06503
1.07844
1.06685
1.0718
1.07818
1.07186
1.05894
1.06078
1.0575
1.07047
1.04643
1.05244
1.07102
1.07231
1.06279
1.06661
1.06616
1.07428
1.0701
1.06492
1.06703
1.06554
1.07023
1.06411
1.0584
1.06366
1.03998
1.04778
1.06055
1.06068
1.06716
1.06601
1.06221
1.0905
1.04914
1.06703
1.05666
1.07559
1.07218
1.04985
1.05306
1.07958
1.05842
1.05313
1.06879
1.06054
1.0571
1.06872
1.05326
1.08647
1.07605
1.06404
1.06736
1.0809
1.06818
1.05888
1.06637
1.0713
1.08518
1.07893
1.0765
1.07017
1.07164
1.07911
1.06915
1.07038
1.06061
1.06704
1.06854
1.06866
1.0522
1.0777
1.05634
1.07963
1.06456
1.0689
1.06767
1.0779
1.08234
1.07179
1.05761
1.07351
1.06552
1.05642
1.05289
1.06118
1.05974
1.06087
1.06708
1.08183
1.06826
1.06295
1.06141
1.06477
1.06494
1.07785
1.06443
1.06723
1.06224
1.06442
1.06312
1.05701
1.04771
1.05801
1.06186
1.06859
1.06309
1.08058
1.07063
1.07349
1.08334
1.08185
1.05564
1.07865
1.06028
1.055
1.04665
1.06443
1.07708
1.06184
1.05614
1.06605
1.077
1.07008
1.06974
1.06737
1.05226
1.04866
1.05463
1.0893
1.05819
1.04191
1.04934
1.06592
1.05961
1.0718
1.07791
1.06772
1.07207
1.06166
1.04968
1.06736
1.06378
1.069
1.0628
1.05461
1.04488
1.04627
1.04752
1.04414
1.05061
1.06792
1.05293
1.07234
1.06007
1.07448
1.04822
1.0535
1.06077
1.05626
1.04834
1.0813
1.06554
1.0752
1.06217
1.04394
1.04619
1.04772
1.07338
1.06513
1.06481
1.07055
1.06325
1.77795
1.05546
1.06549
1.05016
1.08295
1.07557
1.07395
1.06819
1.07472
1.06363
1.05822
1.0496
1.06156
1.07866
1.07024
1.08035
1.08119
1.07052
1.06113
1.07344
1.08698
1.06017
1.07464
1.07394
1.06452
1.0668
1.06795
1.05997
1.08294
1.07201
1.06985
1.07289
1.06726
1.06011
1.07334
1.06189
1.07465
1.06102
1.07877
1.06483
1.06253
1.08021
1.09233
1.0668
1.06632
1.06273
1.06213
1.06463
1.06615
1.07309
1.05906
1.06353
1.06013
1.05694
1.07247
1.05661
1.07595
1.06136
1.0561
1.07086
1.06227
1.06226
1.07678
1.06047
1.08217
1.05686
1.06694
1.05589
1.06442
1.03194
1.05075
1.06537
1.05173
1.06265
1.07343
1.05724
1.05893
1.06703
1.06697
1.06488
1.05832
1.05277
1.05469
1.04599
1.07781
1.07279
1.064
1.04245
1.04626
1.07098
1.07634
1.0635
1.06289
1.05723
1.06326
1.05134
1.06039
1.05971
1.05087
1.05322
1.08569
1.05549
1.06743
1.04876
1.05764
1.06759
1.05716
1.05011
1.06004
1.05107
1.04904
1.06495
1.05581
1.05874
1.05544
1.06298
1.06808
1.07187
1.04178
1.0511
1.05744
1.03513
1.05332
1.06872
1.09871
1.05347
1.06114
1.0513
1.05524
1.07305
1.07274
1.0635
1.08243
1.06482
1.06572
1.0551
1.06705
1.0593
1.06173
1.06338
1.06538
1.07469
1.07252
1.07505
1.05681
1.07078
1.06525
1.08766
1.08078
1.08404
1.07193
1.05853
1.08257
1.06063
1.07336
1.0604
1.08364
1.06297
1.0653
1.0663
1.06562
1.07118
1.08227
1.06415
1.07252
1.0643
1.06675
1.07069
1.08103
1.06765
1.06553
1.06388
1.08581
1.06109
1.05744
1.06302
1.06107
1.0591
1.08123
1.05477
1.06106
1.06552
1.07284
1.06815
1.06111
1.06249
1.06263
1.06576
1.0663
1.0763
1.07308
1.07824
1.0949
1.07676
1.05771
1.05118
1.0593
1.06031
1.06188
1.05705
1.06362
1.0599
1.05283
1.06382
1.06583
1.07317
1.06375
1.05814
1.05953
1.06687
1.05413
1.03133
1.05465
1.05753
1.06292
1.06598
1.06641
1.05347
1.05816
1.06122
1.06694
1.05545
1.06122
1.05326
1.0628
1.06291
1.06155
1.04943
1.0619
1.07146
1.06597
1.0786
1.07367
1.06264
1.06307
1.06022
1.05964
1.04948
1.0627
1.05889
1.05681
1.06174
1.048
1.05632
1.04327
1.04183
1.05523
1.04091
1.08026
1.05405
1.05509
1.05281
1.07258
1.06205
1.05547
1.06072
1.76344
1.05509
1.05605
1.06174
1.0787
1.07021
1.06768
1.07
1.05936
1.05453
1.0551
1.05396
1.07546
1.06815
1.06844
1.07412
1.06944
1.06724
1.05504
1.07108
1.073
1.06315
1.06326
1.06449
1.06514
1.0495
1.04966
1.05792
1.07274
1.07437
1.06187
1.06045
1.07664
1.06275
1.07689
1.05975
1.085
1.06776
1.06445
1.07575
1.05953
1.06811
1.05861
1.05801
1.06802
1.05695
1.06098
1.08289
1.07185
1.06759
1.0709
1.06825
1.06776
1.06261
1.07891
1.06021
1.07766
1.05928
1.06361
1.06198
1.07692
1.07256
1.0742
1.05995
1.06966
1.06051
1.06631
1.07721
1.07117
1.05947
1.06311
1.04818
1.05063
1.06664
1.04758
1.06101
1.05464
1.05534
1.05834
1.06475
1.06014
1.05115
1.05389
1.0434
1.06576
1.05703
1.04314
1.04484
1.0498
1.05147
1.05529
1.04828
1.06432
1.053
1.04528
1.06396
1.06512
1.05709
1.04815
1.05682
1.0647
1.0521
1.06478
1.06225
1.05674
1.05723
1.06147
1.06014
1.06254
1.05855
1.05834
1.07363
1.05787
1.05439
1.06
1.054
1.05672
1.06134
1.05687
1.05503
1.05786
1.05509
1.03508
1.05055
1.06718
1.05898
1.0615
1.05034
1.05317
1.05906
1.06599
1.05504
1.06738
1.05394
1.0638
1.0565
1.06696
1.06315
1.05084
1.04054
1.05329
1.07178
1.07796
1.07309
1.07251
1.06827
1.07091
1.0769
1.06583
1.07165
1.0629
1.05483
1.09687
1.05724
1.05876
1.05781
1.06854
1.06154
1.07365
1.0633
1.06621
1.07288
1.07034
1.06171
1.06764
1.07083
1.07109
1.06987
1.06284
1.06207
1.06697
1.0604
1.0632
1.06203
1.06919
1.07259
1.06922
1.0656
1.06919
1.07488
1.06749
1.06
1.0799
1.05936
1.04971
1.05188
1.06894
1.083
1.08433
1.07782
1.08228
1.08183
1.06521
1.07746
1.06663
1.08079
1.07452
1.05259
1.05768
1.0438
1.05402
1.06059
1.06423
1.05363
1.06482
1.05658
1.1702
1.06692
1.06453
1.05147
1.0547
1.06152
1.06249
1.06367
1.05415
1.04308
1.057
1.05164
1.06884
1.05177
1.07527
1.07102
1.06349
1.0532
1.06821
1.06179
1.06198
1.0577
1.08592
1.05759
1.04899
1.05421
1.05966
1.066
1.0686
1.04856
1.05725
1.06386
1.05245
1.04609
1.04944
1.06329
1.05805
1.06695
1.0503
1.06828
1.04323
1.04389
1.04791
1.06436
1.05097
1.05973
1.07833
1.06311
1.07465
1.05943
1.77388
1.06225
1.05473
1.0626
1.08169
1.06303
1.11925
1.06847
1.06654
1.06434
1.05727
1.08129
1.06339
1.07237
1.08377
1.06245
1.0844
1.06537
1.07365
1.06463
1.09491
1.06645
1.0716
1.05432
1.04933
1.04773
1.04722
1.05487
1.06937
1.0611
1.07213
1.07898
1.07402
1.05938
1.06893
1.07353
1.07142
1.06216
1.06891
1.07117
1.06004
1.068
1.07681
1.05981
1.06439
1.07095
1.05351
1.06586
1.06474
1.06206
1.08005
1.07473
1.0747
1.08089
1.07857
1.06923
1.0609
1.05614
1.06382
1.07428
1.08295
1.06889
1.06675
1.06343
1.07535
1.07849
1.07693
1.04926
1.05471
1.05358
1.055
1.06061
1.0521
1.06443
1.05797
1.05437
1.05529
1.07069
1.06641
1.05662
1.05666
1.04859
1.04894
1.05604
1.06726
1.0615
1.04028
1.0419
1.05101
1.062
1.07095
1.06027
1.06496
1.05473
1.0591
1.05631
1.06107
1.05259
1.05915
1.05629
1.07693
1.06965
1.0656
1.05165
1.06705
1.06699
1.06849
1.05621
1.07418
1.05599
1.0596
1.04817
1.06839
1.0469
1.06548
1.04562
1.05663
1.07225
1.07028
1.06393
1.04728
1.03166
1.04738
1.08175
1.07805
1.06171
1.06925
1.06291
1.06405
1.05833
1.06032
1.05514
1.07568
1.05649
1.06838
1.05548
1.06923
1.05275
1.0577
1.07588
1.07825
1.14521
1.07405
1.08156
1.0827
1.06664
1.06745
1.07767
1.07463
1.07546
1.08301
1.06773
1.06514
1.08361
1.0659
1.05772
1.07389
1.08089
1.07642
1.06309
1.06771
1.06977
1.05777
1.06022
1.08946
1.08482
1.06725
1.07372
1.07297
1.06985
1.06522
1.06707
1.07686
1.06472
1.07699
1.06802
1.07787
1.06928
1.0762
1.058
1.071
1.07752
1.06873
1.0609
1.06996
1.06007
1.0743
1.07292
1.0734
1.08655
1.08162
1.065
1.08192
1.06171
1.06424
1.06364
1.06295
1.05327
1.06199
1.06222
1.07116
1.07137
1.06857
1.06412
1.05672
1.05457
1.05316
1.06406
1.06601
1.0646
1.0471
1.05268
1.05953
1.06616
1.07403
1.05635
1.05239
1.06767
1.06072
1.05997
1.07892
1.05865
1.04665
1.0349
1.04837
1.06557
1.06487
1.07596
1.08166
1.06844
1.06582
1.05303
1.05808
1.05422
1.05539
1.0641
1.05581
1.06898
1.05871
1.04422
1.05189
1.07341
1.07024
1.06652
1.06122
1.05448
1.05626
1.05919
1.0714
1.05081
1.05911
1.05026
1.06751
1.05796
1.06232
1.06498
1.77158
1.07109
1.05185
1.07377
1.08553
1.07087
1.06698
1.07266
1.08107
1.07658
1.06466
1.07847
1.07526
1.08353
1.07515
1.07316
1.074
1.08158
1.06974
1.0576
1.0735
1.05843
1.05743
1.06246
1.07355
1.06703
1.07012
1.07411
1.08079
1.07233
1.06069
1.06568
1.06145
1.06237
1.06337
1.05503
1.10258
1.08557
1.08368
1.05828
1.07595
1.08031
1.07183
1.08294
1.08966
1.06253
1.04551
1.04282
1.05055
1.06258
1.07254
1.06889
1.08552
1.07044
1.07273
1.06904
1.07047
1.07885
1.06044
1.11642
1.1703
1.06643
1.06602
1.06445
1.06594
1.05695
1.05975
1.05596
1.05597
1.05171
1.04445
1.04835
1.04796
1.05093
1.05512
1.05192
1.05125
1.04586
1.04585
1.03945
1.0476
1.04679
1.03988
1.04858
1.05269
1.04364
1.04753
1.0398
1.04622
1.03889
1.04733
1.04229
1.04262
1.04276
1.04649
1.04794
1.0735
1.03193
1.05248
1.03935
1.05234
1.04005
1.0436
1.03359
1.03211
1.04504
1.04273
1.03959
1.05259
1.03669
1.02634
1.03573
1.04838
1.03774
1.03893
1.03528
1.04447
1.03791
1.05316
1.04691
1.05527
1.03166
1.02925
1.01125
1.0396
1.05127
1.05386
1.03428
1.03923
1.0357
1.05355
1.04293
1.06665
1.05927
1.03229
1.0426
1.04457
1.04339
1.03966
1.04379
1.04596
1.04672
1.04465
1.05077
1.04901
1.04293
1.04183
1.04009
1.04902
1.04841
1.03555
1.04659
1.04478
1.04743
1.04483
1.04529
1.05356
1.04679
1.03678
1.0373
1.04814
1.03496
1.04567
1.04584
1.05488
1.04463
1.04511
1.04033
1.04821
1.04943
1.04588
1.03774
1.04864
1.03856
1.0375
1.03422
1.04624
1.04687
1.0487
1.04801
1.07191
1.05616
1.05442
1.04731
1.05259
1.04426
1.04809
1.04606
1.06003
1.05236
1.05337
1.05154
1.04702
1.04677
1.0518
1.04504
1.05093
1.05659
1.04509
1.05017
1.0566
1.04862
1.04953
1.05121
1.05391
1.05955
1.04725
1.04783
1.05617
1.05199
1.03977
1.03695
1.05615
1.04032
1.03969
1.03881
1.05472
1.03945
1.04098
1.03588
1.05693
1.04694
1.04122
1.03868
1.03874
1.0429
1.0452
1.03519
1.04837
1.04969
1.0344
1.0406
1.04554
1.04588
1.04039
1.03943
1.04709
1.03321
1.04737
1.04417
1.04818
1.03802
1.03897
1.0461
1.05875
1.05042
1.05017
1.03967
1.05499
1.05277
1.04221
1.0375
1.06561
1.05571
1.05603
1.05387
1.76217
1.03995
1.04964
1.0373
