NVIDIA RTX A6000, Driver version: 576.2.0.0
30.9677
1.4191
1.4574
1.4392
2.1755
1.5457
1.4672
1.4802
1.3906
1.496
1.4692
1.5144
2.0749
1.6059
1.4225
1.4491
1.5319
1.4019
1.3583
1.4681
7.5383
1.4531
1.4346
1.4673
1.5109
1.449
1.4384
1.3604
1.533
1.4366
1.4771
1.433
1.4627
1.4106
1.4982
1.4064
1.4492
1.4196
1.4341
1.4326
1.3632
1.5127
1.4369
1.3853
1.4481
1.4204
1.4098
1.4014
1.4419
1.462
1.4366
1.4037
1.4161
1.457
1.3727
1.4655
1.5365
1.4309
1.4474
1.3561
1.4691
1.4394
1.4541
1.4049
0.439
0.4358
0.4376
0.4426
0.4386
0.4355
0.4362
0.4378
0.4431
0.4498
0.4454
0.4467
0.4428
0.4384
0.4394
0.4238
0.4607
0.4448
0.4447
0.447
0.4903
0.4228
0.448
0.4506
0.4478
0.444
0.4498
0.4099
0.4512
0.453
0.4502
0.4482
0.4549
0.4084
0.4918
0.4587
0.4569
0.4659
0.4578
0.4317
0.4626
0.4628
0.4697
0.4734
0.4678
0.4462
0.4626
0.4633
0.4615
0.4643
0.5302
0.5381
0.4984
0.4952
0.4812
0.4808
0.4666
0.4725
0.4685
0.4878
0.4766
0.476
0.4402
0.5007
0.4798
0.477
0.4772
0.4892
0.4429
0.4821
0.4796
0.4765
0.4844
0.4876
0.4594
0.4865
0.7664
0.5359
0.4921
0.4903
0.4661
0.4911
0.5022
1.3389
0.5964
0.6389
0.4988
0.5568
0.5457
0.5088
0.5015
0.5034
0.4973
0.5329
0.5036
0.5102
0.5085
0.5115
0.5072
0.5051
0.5153
0.5175
0.5099
0.4894
0.5151
0.5186
0.5188
0.5195
0.5169
0.4577
0.5213
0.5291
0.5214
0.5199
0.5268
0.4688
0.5195
0.5227
0.5199
0.5274
0.5295
0.4898
0.5323
0.5204
0.5341
0.5323
0.5331
0.511
0.5314
0.5276
0.5316
0.5322
0.5816
0.5385
0.5566
0.5467
0.5594
0.5452
0.5436
0.5543
0.5573
0.5399
0.541
0.5375
0.5118
0.5399
0.5445
0.5507
0.5457
0.5458
0.4888
0.5456
0.5459
0.5416
0.5469
0.5506
0.5011
0.5477
0.5479
0.5521
0.5536
0.552
0.5271
0.5602
0.5554
0.555
0.5495
0.5517
0.5319
0.6361
0.5759
0.5627
0.564
0.5681
0.5477
0.5599
0.5615
0.5635
0.5709
0.5691
0.57
0.5664
0.5639
0.5717
0.5775
0.5483
0.5698
0.5722
0.5783
0.5706
0.5989
0.5214
0.5757
0.5734
0.5699
0.5786
0.5731
0.5391
0.6934
0.6104
0.6125
0.5905
0.6078
0.5535
0.5792
0.5887
0.5875
0.5973
0.5952
0.5717
0.5932
0.5918
0.608
0.5995
0.6212
0.5873
0.6084
0.6011
0.608
0.5966
0.6018
0.5932
0.6196
0.5987
0.6168
0.6466
0.6068
0.6123
0.67
0.6129
0.6158
0.6071
0.57
0.6144
0.6066
0.6204
0.6119
0.6277
0.5616
0.6164
0.6331
0.6288
0.6278
0.6271
0.5789
0.6208
0.6219
0.6234
0.6487
0.7641
0.6704
0.6712
0.6825
0.6659
0.6533
0.6692
0.7665
0.7376
0.6904
0.6569
0.6361
0.632
0.6274
0.6345
0.634
0.6339
0.6316
0.633
0.6352
0.638
0.6471
0.64
0.6614
0.6124
0.6541
0.6527
0.654
0.6519
0.6491
0.5941
0.6446
0.6806
0.6489
0.6508
0.6528
0.6032
0.6528
0.7248
0.67
0.6564
0.669
0.6335
0.6642
0.6698
0.658
0.6644
0.6675
0.6432
0.6596
0.662
0.6969
0.6624
0.6713
0.6561
0.6697
0.6813
0.6755
0.6758
0.6811
0.6792
0.6745
0.6797
0.6855
0.6909
0.6334
0.687
0.6737
0.6825
0.7024
0.7061
0.6184
0.6764
0.6811
0.6832
0.6781
0.6873
0.6251
0.7669
0.6913
0.6861
0.682
0.6816
0.6447
0.6864
0.6876
0.6849
0.6877
0.7042
0.6881
0.6904
0.7309
1.0075
0.7046
0.7083
0.6855
0.774
0.7313
0.7124
0.7113
0.7029
0.6999
0.7016
0.7051
0.7082
0.7082
0.6774
0.7017
0.7
0.7119
0.7152
0.7147
0.6791
0.7072
0.75
0.7146
0.7157
0.715
0.6572
0.717
0.715
0.7219
0.7216
0.7246
0.6825
0.7188
0.723
0.7255
0.734
0.7305
0.6996
0.7353
0.8564
0.7361
0.7371
0.7372
0.7237
0.7281
0.7389
0.7329
0.7284
0.7326
0.724
0.803
0.7424
0.7368
0.7362
0.7206
0.7348
0.7388
0.7388
0.7447
0.7431
0.6724
0.7457
0.7684
0.8834
0.9142
0.769
0.7161
0.7528
0.7499
0.7533
0.7488
0.7563
0.7153
0.756
0.7603
0.7562
0.7585
0.7658
0.7274
0.7566
0.7862
0.9576
0.8207
0.797
0.7684
0.7759
0.779
0.7839
0.7736
0.7702
0.7687
0.7792
0.7878
0.7783
0.7823
0.7803
0.7832
0.7867
0.7954
0.7868
0.7873
0.7227
3.304
0.8033
0.7892
0.7898
0.7878
0.7276
0.7795
0.7857
0.7832
0.7833
0.7861
0.7363
0.784
0.7861
0.8093
0.8735
0.917
0.7602
0.7883
0.808
0.806
0.7922
0.7991
0.7762
0.8102
0.8078
0.8012
0.8062
0.803
0.7885
0.8068
0.8032
0.8027
0.8039
0.9301
0.8143
0.8052
0.8371
0.8395
0.8398
0.7674
0.8124
0.8143
0.8207
0.8209
0.826
0.7596
0.8168
0.8215
0.8536
0.8284
0.8251
0.7777
0.8433
0.8304
0.8473
0.868
0.8601
0.792
0.8321
0.8437
0.8382
0.8345
0.8376
0.8157
0.8417
0.8393
0.8765
0.8359
0.834
0.8178
0.8313
0.8354
0.8416
0.8436
0.9863
0.8916
0.9796
1.0106
0.9262
0.9098
0.8838
0.8796
0.8737
0.8645
0.8629
0.8561
0.8227
0.8686
0.9533
0.9112
0.893
0.8739
0.825
1.0096
0.8833
0.869
0.8647
0.8685
0.828
0.8726
0.9083
0.8747
0.8761
0.8753
0.8419
0.8773
0.8873
0.8759
0.879
0.8854
0.8859
0.8841
0.8807
0.8838
0.8936
0.8915
0.8822
0.8847
0.9252
0.898
0.904
0.8727
0.8933
0.9086
0.9228
1.0124
0.9157
0.8371
0.927
0.9032
0.9143
0.9019
0.8946
0.838
0.9289
0.8994
0.8958
0.8954
0.8991
0.8567
0.8994
0.8971
0.9144
0.9016
0.9019
0.8896
0.9027
0.9085
0.909
0.9133
0.9303
0.8952
0.9105
0.9172
0.9185
0.9236
0.9559
0.9484
0.929
0.9222
0.9204
0.9251
0.9596
0.9228
0.923
0.9313
0.9371
0.9354
0.8574
0.9368
0.9625
0.9406
0.9338
0.9402
0.8801
0.9399
0.9417
0.9398
0.9482
0.9932
0.9021
0.9573
0.9528
0.9561
0.9528
0.9595
0.9208
0.9586
0.956
1.0718
0.973
1.2652
0.9841
0.9692
0.969
1.823
0.9708
0.9604
0.9486
0.955
0.9572
0.9587
1.0617
0.9693
0.9624
0.9645
0.9696
0.9668
0.9687
0.907
0.9827
0.9703
0.9762
1.0054
0.9813
0.921
0.9813
0.9791
0.9938
0.9795
0.9835
0.9415
1.0341
1.0489
1.0246
1.0131
1.0248
0.9647
0.9952
0.9975
1.0034
1.0015
1.0008
0.9738
1.0746
1.0103
1.0025
1.0022
1.002
0.9892
1.0099
1.1583
1.1358
1.1276
1.0105
1.0123
1.006
1.0174
1.0111
1.01
0.9639
1.259
1.1577
1.0534
1.0243
1.0293
1.6661
1.0835
1.0695
1.0551
1.0619
1.0665
0.9882
1.0493
1.024
1.0178
1.0217
1.0205
0.9722
1.0266
1.0361
1.0216
1.0211
1.0237
0.9928
1.0367
1.029
1.0404
1.0347
1.0351
1.0215
1.0378
1.0584
1.0393
1.0411
1.2905
1.2245
1.1369
1.134
1.222
1.1599
1.1055
1.163
1.0707
1.0544
1.1801
1.1728
0.9897
1.1163
1.7181
1.1989
1.4424
1.0935
1.084
1.0801
1.0803
1.0784
1.0794
1.1027
1.1948
1.5294
1.2566
1.2451
1.115
1.1044
1.1668
1.0967
1.1099
1.083
1.0898
1.096
1.0687
1.1973
1.0773
1.0741
1.0825
1.0995
1.0679
1.0743
1.0812
1.082
1.0857
1.0905
1.0836
1.0906
1.088
1.0944
1.1637
1.0361
1.1027
1.1132
1.1
1.0995
1.1011
1.05
1.103
1.1064
1.1065
1.107
1.1071
1.0604
1.1072
1.1101
1.1078
1.1213
1.2564
1.0854
1.1201
1.1111
1.1132
1.1237
1.1198
1.0926
1.1196
1.143
1.1659
1.1549
1.1344
1.1384
1.136
1.1396
1.1377
1.1371
1.1447
1.1401
1.1378
1.1397
1.1429
1.1437
1.1465
1.2638
1.1694
1.1498
1.1501
1.1485
1.0979
1.1545
1.1395
1.1371
1.1336
1.1724
1.0976
1.3673
1.2103
1.193
1.196
1.1748
1.1195
1.1553
1.1532
1.1563
1.1588
1.1547
1.1673
1.1612
1.1662
1.1639
1.1568
1.1669
1.1786
1.1734
1.1713
1.1654
1.174
1.1715
1.1736
1.1662
1.1685
1.1913
1.2845
1.1509
1.2248
1.1932
1.1855
1.1898
1.1927
1.1291
1.1894
1.2196
1.1898
1.1963
1.1954
1.142
1.1911
1.2232
1.217
1.2086
1.2033
1.1652
1.3687
1.2219
1.2363
1.2161
1.2348
1.2168
1.2253
1.2187
1.2247
1.2249
1.2225
1.2172
1.2076
1.1942
1.2269
1.2064
1.2063
1.216
1.2138
1.2063
1.3024
1.3546
1.399
1.4423
1.3937
1.5761
1.5177
1.2636
1.1693
1.2251
1.2506
1.5067
1.3366
1.2564
1.3195
1.251
1.2478
1.2752
1.2417
1.2424
1.2023
1.2419
1.246
1.2569
1.2528
1.2602
1.3229
1.2741
1.2569
1.2841
1.258
1.2611
1.2412
1.2602
1.3271
1.3113
1.3028
1.2955
1.2758
1.275
1.2765
1.3127
1.283
1.2817
1.2835
1.2829
1.2827
1.2944
1.2868
1.2311
1.2945
1.2978
3.7742
1.3015
1.2949
1.2317
1.2746
1.301
1.2705
1.2966
1.2747
1.2247
1.3062
1.279
1.2766
1.2853
1.2839
1.2444
1.2792
1.2807
1.2808
1.2824
1.3142
1.264
1.3163
1.2862
1.2903
1.3113
1.2943
1.2856
1.3018
1.3178
1.2986
1.3081
1.372
1.523
1.4174
1.5166
1.4585
1.3333
1.2502
1.3228
1.3195
1.3172
1.321
1.3305
1.3306
1.3335
1.3268
1.329
1.3289
1.3285
1.2846
1.3321
1.3522
1.4007
1.4135
1.3765
1.3429
1.3408
1.3498
1.3511
1.3498
1.3482
1.3255
1.3501
1.3584
1.3491
1.3544
1.3866
1.3197
1.3312
1.3327
1.3406
1.3315
1.33
1.3303
1.3762
1.3531
1.3501
1.5125
1.3017
1.3578
1.35
1.3512
1.3522
1.359
1.2869
1.351
1.5
1.367
1.4101
1.375
1.3139
1.362
1.4514
1.3742
1.3632
1.364
1.3208
1.6945
1.5323
1.4565
1.7126
1.6341
2.2123
2.0299
1.7865
1.6916
1.6306
1.7485
1.4632
1.4342
1.4276
1.4183
1.4312
1.4191
1.4019
1.4032
1.4318
1.6064
1.46
1.3992
1.413
1.4161
1.4131
1.4229
1.4219
1.3522
1.4239
1.418
1.45
1.4493
1.4285
1.3454
1.3912
1.3957
1.4009
1.4029
1.3996
1.3595
1.4456
1.4151
1.4383
1.4196
1.4146
1.3877
1.4107
1.4158
1.4139
1.4238
1.4251
1.4292
1.4346
1.4497
1.432
1.4329
1.4323
1.4358
1.4278
1.4364
1.4339
1.4451
1.4751
1.4459
1.451
1.444
1.4421
1.4513
1.3741
1.4428
1.4417
1.666
2.7589
1.4594
1.5332
1.9975
1.6391
1.5561
1.521
1.5198
1.4816
1.4894
1.5417
1.7329
1.7906
1.6919
1.4938
1.5035
1.4923
1.5069
1.7255
1.5221
1.488
1.4902
1.5225
1.4976
1.5031
1.6314
1.4745
1.4735
1.4951
1.4615
1.4839
1.6609
1.5839
1.5454
1.5107
1.497
1.4901
1.5866
1.4892
1.4839
1.4803
1.4958
1.4838
1.8458
1.5276
1.518
1.5103
1.5367
1.5106
1.4531
1.5023
1.7664
1.551
1.5362
1.5165
1.4792
1.5097
1.5458
1.5143
1.5208
1.5267
1.5054
1.7426
1.8761
2.1058
2.004
1.9985
1.6716
1.6568
1.6891
2.96
2.1396
1.9323
1.8917
1.7342
1.5557
1.546
1.5574
1.5144
1.6019
1.705
1.6941
1.7614
1.6336
1.5966
1.7626
1.5894
1.763
1.7741
1.7347
1.6674
1.5756
1.5357
1.53
1.5329
1.5312
1.4974
1.5475
1.7568
1.6754
1.5569
1.5771
1.5126
1.5454
1.5422
1.5436
1.5908
1.5853
1.6724
1.5611
1.5642
1.5863
1.5665
1.5688
1.5573
1.5646
1.5661
1.5683
1.5994
1.5387
1.6072
1.5769
1.5766
1.5771
1.5823
1.5274
1.8862
1.8707
2.1133
1.6292
1.5945
1.5378
1.5965
1.5937
1.6012
1.606
1.6012
1.5929
1.6412
1.6097
1.6078
1.6142
1.6107
1.5967
1.6223
1.8086
2.0616
1.8747
1.8021
1.6162
1.627
1.6516
1.6677
1.6261
1.6002
1.6861
1.8364
1.7344
1.7064
1.7822
1.716
1.7039
1.6421
1.7035
1.8315
1.7581
1.6286
1.6547
1.6376
1.63
1.6303
1.6331
1.5927
1.639
1.6633
1.7742
1.6597
1.6363
1.5914
1.631
1.6398
1.6374
1.6779
1.7714
2.2635
2.1634
2.1885
1.9693
1.8824
1.8095
1.7202
1.6934
1.6726
1.6738
1.6732
1.6809
1.6599
1.671
1.669
1.6882
2.2035
2.2296
1.7975
1.6941
1.6858
1.6812
1.6811
1.656
1.6954
1.6981
1.6942
1.7
1.7038
1.629
1.6925
1.6982
1.7233
1.8088
1.8308
1.6604
1.672
1.6646
1.6635
1.6666
1.6653
1.6555
1.722
1.7348
1.6883
1.6757
1.6829
1.6453
1.671
1.6836
1.7102
1.7387
1.8016
1.818
1.7056
1.7043
1.7018
1.6994
1.6941
1.725
1.7888
1.8178
1.737
1.709
1.6486
1.7117
1.709
1.7347
1.7199
1.7691
2.1432
1.9704
1.7876
1.7935
1.7754
1.7451
1.7157
1.7753
1.7642
1.742
1.7436
1.7502
1.7013
1.7324
1.7818
1.7477
1.7932
2.0529
1.8989
1.8169
1.7693
1.7885
1.8548
1.8487
1.7861
1.8029
1.7752
1.752
1.7358
1.7309
1.7224
1.762
1.7324
1.7431
1.7723
1.7593
1.7708
1.7496
1.7409
1.7723
1.7583
1.6834
1.748
1.8264
1.7984
1.7724
1.7624
1.7136
1.7884
1.7755
1.7794
1.8321
3.3073
5.5859
4.3103
2.4853
2.2585
2.1832
1.8757
1.8006
1.7876
1.7849
1.8164
1.8718
2.601
5.2842
4.007
2.3697
1.9242
1.8717
1.8362
1.9299
1.865
1.8179
1.8226
1.8419
1.8459
1.8527
2.2062
2.1137
2.0491
1.871
1.7626
1.8287
1.8434
1.851
1.8421
4.413
1.8184
1.8501
1.8331
1.8456
1.846
1.8582
1.8012
1.8031
1.8012
1.8038
1.8047
1.8146
2.4587
2.1719
2.0139
1.8474
1.8409
3.0402
3.4256
2.8748
2.5733
2.0289
1.8935
1.8513
1.8312
1.8754
1.9117
2.0671
2.3766
2.7444
2.1467
1.9037
1.8838
1.9437
2.1914
2.1206
2.1007
1.9119
2.0745
1.8905
1.8691
1.8178
1.8721
1.875
1.8774
1.8736
1.8697
1.8236
1.8714
1.9072
1.9754
1.935
1.9092
1.8449
1.8837
1.8945
1.8898
1.8932
2.7204
4.1111
5.1189
2.8052
2.2866
3.0994
2.2403
1.9763
1.9317
1.8812
2.0802
2.0475
2.3046
2.097
2.1383
1.9797
1.9743
1.9818
1.8482
1.9323
1.9594
2.3069
2.116
1.9556
1.829
1.8895
1.9192
2.0768
1.9398
1.9271
1.8757
1.9048
1.9073
1.9067
1.9347
2.3374
2.1426
2.0117
1.9428
2.186
1.9409
1.9524
1.9289
2.0086
2.0783
1.9421
1.937
2.0952
2.2249
1.9495
3.8643
3.2578
2.2791
2.009
2.0004
1.9581
2.6668
2.0674
2.0065
1.9311
1.9776
1.9978
1.9642
2.0278
2.1121
2.1906
2.1013
2.0134
1.9854
2.0131
2.0107
2.0514
2.0031
1.9405
1.9651
1.9403
1.971
1.9063
1.9381
2.0115
2.0227
1.972
1.967
1.9225
1.9741
1.9521
1.9592
1.9902
1.9851
1.9649
2.2129
2.1146
2.1458
2.0864
2.2673
3.6833
4.1266
3.6384
2.4442
2.1825
2.1339
2.0998
2.095
2.112
2.0814
2.0889
1.9944
2.3141
2.7079
2.3383
2.136
2.1181
2.0003
2.1123
2.0996
2.0911
2.0941
2.1251
2.0246
2.1114
2.1032
2.4239
2.9635
2.5049
2.1565
2.1446
2.1137
2.1829
2.1816
2.1458
2.1207
2.1309
2.1363
2.1261
2.1573
2.2821
2.7292
2.412
2.165
2.101
2.087
2.1512
2.1826
2.1186
2.1377
2.098
2.0939
1.9865
2.0983
2.6726
2.4065
2.3588
2.2476
2.1011
2.1794
2.2261
2.3571
2.2738
2.2073
2.2866
2.1601
2.142
2.1472
2.3469
2.2929
2.1385
2.1503
2.1383
2.1474
2.1578
2.2593
2.1536
2.1668
2.1644
2.1618
2.1912
2.1924
2.4836
2.2307
2.2034
2.1851
2.1827
2.1868
2.3465
2.3088
2.2333
2.2021
2.1939
2.0751
2.1953
2.1945
3.2202
4.8013
4.268
3.2746
3.1556
2.3345
2.2395
2.2488
2.2265
2.1319
2.2198
2.2203
2.8014
2.4125
2.2268
2.1101
2.1942
2.3589
2.2385
2.2185
2.1771
2.1316
2.1882
2.2055
2.1906
2.321
2.542
2.3044
2.2267
2.2085
2.2074
2.4248
2.4167
2.2561
2.4238
2.4134
2.2406
2.2776
2.1791
2.4675
2.2883
2.2351
2.2311
2.2225
2.4865
2.3349
2.3641
2.2422
2.2316
2.2692
2.2039
2.8245
2.983
3.5239
2.6857
2.5533
2.2811
2.3538
2.2893
2.27
2.2534
2.2847
2.2184
2.3132
2.4451
2.9591
2.6625
2.4292
2.2723
2.3143
2.3159
2.2956
2.31
2.3383
2.2538
2.2557
2.2642
2.2507
2.3285
2.3157
2.2877
2.2453
2.249
2.4553
2.3467
2.2344
2.3161
2.2669
2.2554
2.2827
4.0292
6.198
4.4429
3.9898
3.2356
2.4554
2.3237
2.2331
2.3197
2.3444
2.3139
2.7524
2.5127
2.3112
2.3147
2.4746
2.447
2.3768
2.3324
2.2831
2.3157
2.3324
2.4324
2.378
2.5171
2.3709
2.3492
2.337
2.4154
2.4623
2.4028
2.3457
2.3593
2.3586
2.3544
2.3745
2.2871
2.4285
2.3781
2.3596
2.3616
2.9577
3.2662
2.685
2.4205
2.3974
2.4165
2.6754
2.9802
4.0649
2.8668
2.6218
2.4618
2.4317
2.3056
2.3369
2.3433
2.3603
2.3511
2.3754
2.363
2.9912
2.62
2.6982
2.3802
2.6021
2.6399
2.4903
2.3991
2.3727
2.3722
2.5692
2.5317
2.5281
2.481
2.4055
2.379
2.9688
5.2522
4.6448
3.0679
2.6174
2.4695
2.947
3.242
2.6594
2.5945
2.6127
2.4744
2.3371
2.4115
2.4172
2.4419
2.5216
2.4577
2.7418
3.2575
2.7983
2.616
2.5719
2.4883
2.3954
2.4499
2.4879
2.5384
2.5975
2.5074
2.59
2.5748
2.502
2.5219
2.6315
3.1654
3.0597
3.4595
3.1839
3.2151
3.1658
4.0867
3.7514
3.6278
3.3765
3.3006
3.2464
3.2184
3.1581
3.1394
3.6665
3.4392
3.3189
3.2415
3.1885
3.1786
3.1328
3.2212
3.1505
3.1908
3.4912
3.5311
3.4674
3.341
3.2622
3.2401
3.2178
3.2186
3.1309
3.6263
3.1772
5.245
7.6392
6.1801
5.5273
5.6088
4.3931
3.4433
3.2885
3.2268
3.2285
3.2576
3.176
3.2661
3.4402
3.8101
3.703
3.5
3.3423
3.2484
3.2628
3.3388
3.4296
3.3853
3.4403
5.8849
3.4184
3.3856
4.6364
3.7519
3.522
3.916
3.6184
3.3223
3.1645
3.0614
2.9633
2.916
2.885
2.8248
2.7307
3.0615
3.4104
3.0389
2.8326
2.7506
2.6322
2.7992
2.7466
2.7174
2.6697
2.8111
2.7101
2.7958
2.7255
2.7101
2.6722
2.655
2.701
2.721
2.7025
2.6868
2.6905
2.7508
2.9146
8.7655
8.836
7.6687
7.0337
4.4268
3.2079
2.8255
2.7324
2.8104
2.7503
2.6941
2.6966
2.9506
2.8333
2.9555
2.7948
2.5699
2.6803
2.6929
2.7638
2.7716
2.7304
2.5819
2.855
2.8228
2.9087
2.957
2.7622
2.5492
3.3505
4.1251
3.2764
2.7818
2.7674
5.7676
4.1988
3.7604
3.5288
3.4033
3.2224
2.9497
2.7456
3.303
3.3876
3.0166
2.7925
2.6898
2.7034
2.785
2.8998
2.8424
2.7574
2.7677
3.0469
2.9064
3.2566
2.9223
2.6012
2.8949
2.809
4.6865
6.0584
6.474
5.0232
4.6762
4.1336
3.2093
2.9107
2.8115
2.7717
3.7345
3.5473
3.0703
2.8279
2.8005
2.7194
2.934
2.8987
2.8148
2.8349
3.0776
2.9725
2.9019
2.8331
2.8769
2.8247
2.8133
2.9118
2.8708
2.8607
2.856
4.7519
4.5646
3.2157
2.857
2.8435
2.9035
2.8257
2.6562
2.7639
3.4133
6.256
4.2146
3.0919
2.7487
2.9004
2.8137
2.812
2.7794
2.8067
4.0493
3.6832
3.1551
2.8751
2.8971
2.92
2.7897
2.8192
2.8099
2.8448
3.1764
7.0693
7.1204
5.0088
3.4165
2.9955
2.9318
4.488
4.2187
3.209
2.9221
2.9596
3.0409
2.9754
2.8705
2.8368
3.6595
3.9482
3.4034
2.9381
2.9082
2.9026
3.0205
3.0165
2.9406
2.7678
3.2361
3.2756
3.1802
2.9719
2.9054
2.858
3.1032
3.1154
2.9543
2.8692
3.9012
4.6188
3.4904
3.2023
3.0008
2.8967
3.1602
2.9178
2.8741
2.9299
4.795
3.5325
3.2959
3.1028
3.1189
3.1213
3.0856
2.9918
2.9374
3.2342
3.2689
3.1556
3.0622
3.0029
3.0298
3.9487
8.671
8.072
7.4009
6.0917
5.4221
4.7395
4.3092
3.6865
3.2413
3.0758
2.8824
2.999
3.1002
3.0268
3.0491
3.0541
3.2553
3.3801
3.2314
3.1014
3.0604
3.0838
2.9853
3.0242
3.0487
3.0528
3.228
4.7277
5.4684
3.9411
3.3307
3.3425
3.1758
3.0677
4.8918
4.2017
3.5758
3.1908
3.0563
3.075
3.0826
2.9925
2.9754
3.5001
3.3236
2.9939
3.0133
2.9634
3.0999
3.2008
3.19
2.8951
2.9911
3.1298
4.2092
10.4486
8.9933
7.8939
6.9335
4.295
3.3746
3.1911
3.2402
3.0941
3.1166
3.3199
3.4304
3.3633
3.1794
3.016
3.3979
3.1509
3.0945
3.0433
3.0652
3.3643
3.4279
3.3035
3.1553
3.0912
3.3581
6.4582
4.6364
4.6252
6.2778
5.2119
4.6222
4.4195
3.9565
3.406
3.5814
3.9072
3.3636
3.2779
3.225
3.416
3.4366
3.2734
3.1432
3.5892
3.6743
3.3906
3.2025
3.1739
3.3436
9.73
9.864
8.6524
5.6697
4.0139
3.4554
3.5158
3.5929
3.4813
3.2768
3.1407
3.0954
3.3336
3.2296
3.1295
3.2544
3.5636
3.671
3.3831
3.187
3.5579
3.5716
3.273
3.2268
3.2351
3.9788
6.5957
4.5095
3.7678
3.7672
3.432
3.2502
4.2863
4.7764
4.3238
3.5593
3.3468
3.6176
3.4511
3.309
3.3266
4.0036
3.6813
3.3607
3.3589
3.5478
3.972
3.5778
3.3488
3.5133
10.7969
11.8735
7.8167
5.8898
4.4005
3.7104
3.6046
3.5099
3.3693
3.3059
3.4727
3.899
3.5563
3.3469
3.2367
3.2737
3.4881
3.3262
3.1858
3.1283
3.5344
3.397
3.3133
3.2977
3.4284
5.3062
4.7657
4.4298
6.4536
5.6186
5.1719
4.5893
4.3616
4.1597
5.7579
4.4819
4.3512
3.8719
3.757
3.6406
3.6206
3.9217
4.1062
3.7941
3.6991
3.6754
4.1454
3.9429
3.8755
8.7522
13.7962
12.0912
9.9354
5.6029
4.3469
3.8905
3.5861
3.8798
4.0833
3.6979
3.3686
3.5485
3.6129
3.4942
3.4373
3.4427
4.0812
3.8622
3.457
3.4012
4.8984
5.3703
4.7083
5.0607
5.9779
5.1128
4.8251
4.454
4.0588
4.034
5.5089
4.6694
4.3018
4.6701
4.4027
4.0872
4.9765
4.7296
4.3286
4.2393
5.0257
4.334
4.1096
10.0472
12.0486
10.123
9.4258
7.3747
4.8299
4.2727
4.085
3.6818
4.2369
3.9629
3.8482
4.6967
4.3737
4.9468
4.355
4.5788
4.5741
6.6589
5.2714
4.9268
4.7724
6.4718
6.1737
5.6186
5.1807
4.9086
4.9047
6.2766
5.1943
4.746
4.7078
4.3678
4.5071
4.9675
4.4277
4.8203
4.5674
5.1685
10.2912
11.3546
9.8543
11.4702
6.6784
5.3112
4.5246
4.2954
4.1028
4.3651
5.0679
4.5239
4.2746
4.1826
4.174
5.0508
4.001
5.6799
5.9881
5.1313
4.9684
4.8153
5.2711
6.9222
6.2196
5.4708
5.1203
4.8686
6.1914
5.7345
5.244
5.0814
4.9714
4.8932
4.717
5.2795
11.198
8.7913
8.9212
7.6981
6.968
6.3987
7.5872
6.3005
5.2598
4.9986
5.221
4.6443
5.0162
5.0962
4.4737
4.3796
4.6196
5.1514
6.3204
6.3174
5.6546
4.9111
4.9985
4.7177
5.7197
5.8712
5.5481
4.6931
5.1575
4.7551
5.0142
4.9389
4.7625
4.5651
4.5872
4.5987
5.4379
4.9653
13.0463
11.4739
10.3196
9.4239
7.945
5.3907
5.1296
5.0269
4.637
5.1338
4.5801
4.4255
4.7346
5.0961
4.7944
4.6874
4.872
6.4019
8.1645
7.1069
6.3471
5.89
5.7901
5.8262
5.7749
5.5613
5.3885
5.045
4.8933
4.8526
4.9199
5.0093
5.0721
11.6503
11.2513
9.6259
9.0259
7.9694
6.1401
5.0723
5.053
4.9595
4.9711
5.0164
5.1099
4.7805
5.0249
4.6834
5.7543
7.7122
5.8696
5.3649
5.1924
6.6186
7.8611
6.9705
5.4549
5.1539
6.8149
6.7228
5.6206
5.01
4.9577
5.1543
5.0824
6.0229
12.2786
8.9122
9.101
8.1794
7.6765
6.8106
7.0093
5.471
4.9617
4.6744
4.6737
5.3046
4.6154
4.902
4.859
5.0454
5.2442
6.1023
7.265
5.9498
5.4826
5.2352
4.9856
6.3458
6.1443
5.494
4.983
5.688
5.1667
4.9072
4.9832
4.8439
4.7441
9.625
12.7233
11.156
10.4232
8.3612
6.2713
5.2598
5.1166
5.2251
5.0893
5.3171
5.026
4.7109
4.5374
4.8027
6.4584
8.9064
6.5512
5.6693
7.0639
8.1042
7.2543
6.7796
6.2634
6.3733
6.1924
5.7182
5.5557
5.1366
5.4287
5.33
5.0172
4.7757
9.0398
14.7829
13.1618
11.5776
10.4695
7.8737
5.8596
5.596
5.227
4.875
5.0301
4.715
4.6011
4.901
6.7751
8.9397
6.3972
5.9116
6.92
6.4705
5.954
5.3676
5.1994
5.3813
5.2673
4.8731
4.9317
4.9838
4.723
5.2328
6.0623
5.1662
5.1672
13.6533
14.4631
12.9695
11.5257
8.8578
6.1197
4.9894
5.3685
5.6474
4.9687
5.0807
6.5504
5.6197
7.54
7.594
6.3248
5.6807
5.7899
10.2089
8.1525
7.2287
6.9209
6.868
6.4681
5.867
5.8713
5.7498
11.9634
10.8466
9.95
9.5791
8.7324
8.0346
8.6232
6.737
5.5406
5.1653
5.2409
5.7826
5.5232
5.0015
5.2256
5.4252
5.0752
9.3672
7.193
6.3203
5.7662
6.4288
7.1902
6.605
6.1072
5.7218
5.8105
5.4038
5.4006
10.0285
11.8807
11.2517
10.0477
9.4378
8.6604
6.7563
8.2635
6.1038
5.8971
5.5845
5.6103
5.249
5.3537
9.1041
7.5121
6.9396
6.5415
9.7412
9.2701
8.1728
7.5825
7.2489
6.4411
6.1908
5.8533
6.0394
12.3014
10.4779
9.7993
9.7894
9.1813
7.9919
6.94
6.311
5.5743
5.2804
4.923
5.5734
6.5812
5.9344
5.8516
5.1092
4.8999
8.189
7.3746
6.8058
6.3757
6.6432
7.2391
6.6792
6.2392
5.7079
6.1372
5.8335
5.4175
5.8014
5.4718
6.3681
15.4016
13.519
12.0819
10.5442
6.9969
6.4763
6.0456
5.8311
6.0973
5.3855
6.1904
5.9536
5.7061
8.3765
6.5819
10.9256
7.8132
7.1111
6.5843
7.7221
7.7301
7.4313
6.935
7.0966
6.5378
6.5126
6.0444
9.3947
14.8884
12.7193
11.5323
10.6155
7.3493
7.0786
6.426
6.0021
5.4758
5.3447
7.0554
6.4452
7.7254
6.8635
6.2914
9.3071
8.1763
7.5434
7.1149
7.5845
7.0425
6.6124
6.2384
6.4122
6.1156
6.2187
6.4271
6.0184
16.046
17.9602
18.2084
16.8867
14.8311
13.6448
10.3891
12.9335
12.8593
10.4914
9.8656
8.1912
8.2267
7.0743
6.18
5.6258
7.3431
6.307
12.1568
16.3811
14.1545
12.8102
12.1605
11.0433
10.3697
8.0112
7.0671
6.6728
17.0111
10.8677
8.9914
8.764
7.7484
6.7686
5.9076
6.334
5.9477
6.2058
5.8784
6.0364
6.3492
5.3065
16.8729
16.1577
13.9823
10.8974
8.9509
8.1102
7.5368
6.6426
6.0252
5.8592
5.6015
6.1289
10.0011
7.5976
6.4258
6.3304
7.6321
7.3425
6.9354
6.4214
6.425
6.2186
6.1144
5.6316
5.6815
6.0824
6.0372
6.2404
15.6035
14.1913
12.6267
11.7248
9.6079
6.9919
6.2337
6.2495
6.1618
5.5948
5.5379
7.7936
11.043
9.9433
8.7348
8.8884
8.434
7.893
7.4096
7.1802
6.7282
6.574
6.2556
7.5259
17.2117
14.0121
18.609
16.3627
9.5359
9.3002
8.2173
8.2557
6.9245
6.5006
6.2828
15.3124
7.9765
7.5088
10.6777
8.6942
7.4311
7.2545
7.7607
7.3761
13.7754
12.8328
11.3556
10.7495
9.3388
7.4764
6.4107
5.8359
6.2582
6.0264
5.9632
7.5791
5.6656
7.3637
6.9837
6.5988
6.4765
6.6495
10.6708
9.5819
8.4399
9.3667
8.7362
7.7416
7.2083
18.5544
24.7188
19.1404
12.4764
10.6915
7.812
7.375
7.3355
10.1747
7.7398
9.4875
8.6184
7.6816
7.3416
7.6978
7.0245
6.8341
6.2293
7.1213
6.5831
9.991
14.2081
11.861
10.4906
9.8772
9.3378
9.0513
8.5386
7.4287
6.6339
8.0654
8.2947
10.5572
7.5335
6.6696
6.8352
9.4368
8.3972
7.7449
7.5162
7.8521
7.2656
6.7381
7.1133
14.6299
12.964
13.3499
11.8628
10.8275
10.1723
9.4025
8.7085
8.3812
7.7434
7.6349
6.6856
9.6068
8.8574
8.1541
7.4081
8.4265
7.6894
7.3401
6.9334
7.3606
6.7505
12.5144
12.5369
11.6941
10.5139
9.9353
8.6358
7.7136
6.9721
7.506
6.8063
7.0569
7.0397
11.8119
8.5358
7.7524
7.8255
8.7446
8.2105
7.6001
7.3204
6.9607
7.1378
7.2186
7.5037
17.5936
15.5538
14.2323
12.9738
11.8768
11.302
8.853
8.2976
10.6103
9.5559
10.4569
9.2283
8.4606
8.0717
8.3063
7.778
7.2655
7.1857
7.2146
7.9345
16.1116
15.0931
13.3437
11.8211
9.4344
8.3452
9.0331
8.7707
8.3303
7.7702
9.1142
8.6787
7.7814
7.8221
8.289
7.7673
7.2576
7.3594
7.4232
7.1172
6.9552
7.0807
7.5433
8.1677
14.9285
12.4898
10.9811
10.4609
10.2997
10.355
8.1772
7.8771
7.6304
7.4976
12.4712
12.426
11.2466
10.4599
9.8173
9.4439
9.4814
8.6226
8.4376
8.5828
15.3501
11.8499
10.2299
9.8295
9.2699
11.0682
9.3762
8.3114
7.7889
8.7694
10.239
9.791
9.5867
8.9811
8.2276
7.6914
7.5726
7.4264
7.1517
6.7382
7.2426
7.1892
6.8586
6.5402
17.4512
14.4174
11.7366
10.7169
9.7212
9.2236
7.9972
7.3936
6.9158
6.7897
7.0913
9.6614
8.9448
9.2014
11.2635
9.9196
9.4411
9.3091
8.5299
8.3216
8.101
13.8559
13.2145
13.3832
12.082
11.2584
10.563
9.8527
9.0391
9.4598
9.0655
9.5463
10.7937
10.0088
9.8583
10.2544
9.487
9.204
8.8857
8.3278
8.3211
18.9764
17.1071
15.4804
11.5784
10.0961
9.5268
8.2259
8.4268
8.709
9.6987
8.4026
9.715
11.2133
9.9918
9.7326
9.3025
8.6708
8.2429
8.343
15.4036
14.0196
13.5695
12.2946
11.6564
10.6814
10.0355
9.897
8.0978
7.5365
9.5037
9.6392
8.7603
9.0549
10.2118
9.2042
9.551
10.0243
9.3414
9.6179
17.9073
15.7605
14.2799
13.1291
12.3306
11.7215
8.9713
8.3686
11.6339
11.936
12.6171
11.2448
9.9097
10.2032
9.4637
9.5093
10.4908
14.3938
13.9426
14.7996
14.4447
14.0519
12.722
11.6356
10.7864
11.9978
12.6904
11.62
11.3059
10.4217
10.0814
17.4963
14.6175
13.8769
18.846
15.568
11.5377
8.0134
8.6236
8.0272
7.3957
7.3976
7.6478
7.0962
10.5676
13.9251
12.065
11.0624
10.7644
9.8874
9.3707
8.9003
8.1409
8.0147
7.9834
18.1147
17.7031
15.7235
14.364
13.3501
12.0736
12.0405
10.3374
13.1165
11.8429
10.2279
10.0367
9.5038
9.0862
8.6108
8.455
7.592
17.4072
17.5844
16.0294
14.5815
11.1027
10.2417
8.4528
8.1901
12.3759
12.2271
10.2153
14.06
12.2823
11.5774
11.243
10.3752
12.0309
18.5054
17.3916
15.7277
14.7019
13.227
12.1205
10.3602
8.4466
9.9541
12.7847
8.5993
9.2867
10.291
9.6033
9.0772
9.0253
8.6582
8.5437
13.8183
18.7748
17.2535
15.1875
13.531
12.3943
11.8229
12.7828
12.2833
11.8806
10.8637
10.1161
10.3384
9.7452
9.1006
9.2555
8.8221
17.5629
16.9722
15.0424
13.9289
12.7802
12.6821
10.2535
9.3184
13.3366
9.6692
9.3048
13.4677
12.0069
11.4732
10.7062
10.1295
9.8774
9.9111
16.7835
15.9593
14.4586
13.4845
12.3608
11.4136
10.8988
10.3322
11.9353
11.1579
10.3757
10.8508
10.7374
9.8751
9.4865
9.1423
8.806
8.8445
8.5987
19.3213
17.5984
15.6849
13.4151
10.7148
9.7639
8.5442
7.9735
8.1862
15.0686
10.313
10.129
9.9252
9.9806
9.6662
13.8343
12.4469
18.2963
18.6168
16.4653
14.6907
13.4085
12.9723
12.8665
13.5548
13.0319
12.3954
11.6977
11.6698
10.7911
10.1179
9.8148
10.4817
18.3187
17.2183
15.8172
14.4305
13.3072
12.7797
12.8359
12.7012
11.3347
12.1732
13.5642
12.2175
11.791
10.871
10.4207
18.4279
17.5852
18.1246
20.1361
20.6212
15.9187
14.195
14.1912
12.291
11.8465
11.0505
12.9616
10.0077
9.3851
9.1788
20.5865
15.6172
13.4333
11.6378
11.0697
10.3778
9.9006
9.9819
12.4577
12.77
12.84
11.7652
11.4441
10.8611
10.1095
9.7559
9.703
8.8985
20.0784
18.3228
16.5868
14.7274
13.7406
11.8761
11.2821
12.8873
11.5886
13.718
12.1901
12.5676
11.8579
11.0724
10.7046
9.7581
12.4969
19.1467
17.7408
15.8555
14.7031
11.875
10.2491
9.6482
10.7302
10.2259
10.7292
10.5026
9.434
10.1114
10.7021
10.0873
10.3792
15.9331
18.1188
16.9799
15.7195
14.375
13.4921
12.6134
11.73
11.7872
10.4054
9.8369
11.0108
10.1178
9.3858
9.3213
8.9636
8.9388
16.2085
13.4806
11.8334
11.1444
10.5321
10.1931
10.3019
9.3547
8.9834
13.5379
10.5687
12.7511
12.1826
11.1997
10.1718
9.2421
8.9566
9.5991
13.8688
17.0074
15.8637
14.8977
13.807
12.8647
12.186
11.2413
12.4339
11.8717
11.0156
11.737
10.8407
9.9063
9.5951
9.4202
10.0459
18.3243
14.2581
13.1995
12.3872
11.7308
10.8349
10.6231
11.9336
11.578
10.4591
12.2246
11.8335
11.3444
11.5617
11.2173
11.2514
10.7149
9.9834
21.5734
20.0511
18.0825
16.1485
14.508
11.7257
12.9722
13.5035
14.1658
13.2155
12.4982
11.6804
10.9183
10.6348
13.1722
18.2245
16.7965
15.4309
14.6138
13.4101
12.4211
11.6676
13.5111
12.4803
12.0058
11.6316
11.1133
10.8942
9.9882
9.7694
18.3283
19.4486
17.778
15.7807
12.4262
10.8095
10.1332
10.0245
10.9021
12.1554
11.1692
10.3928
11.1227
10.6373
10.1192
9.9801
14.4992
18.2927
16.344
15.8546
15.0189
14.0116
13.0366
12.8639
13.8807
12.8251
12.983
12.099
11.5411
10.7874
10.4009
16.3459
20.5796
18.3714
13.5138
11.6411
10.6484
10.112
10.0609
13.9126
12.7048
11.0652
10.2018
11.4237
10.6101
10.0927
11.5483
14.9754
20.7762
18.797
17.1378
15.7245
14.3705
13.4188
14.6229
13.3035
13.1065
12.2309
11.4638
10.9016
10.2215
11.2122
21.0012
18.3859
16.4575
15.0033
14.1218
12.1497
13.4264
15.4699
14.0362
12.995
12.5153
12.0397
11.9028
11.6159
19.5492
18.1234
16.8208
17.1411
15.6007
14.2141
13.1851
12.4931
12.6995
15.8305
11.3026
12.6517
11.1967
10.6283
10.3184
16.5811
19.8455
17.7104
16.2188
15.3011
14.1992
13.6406
15.0072
13.7265
13.7425
12.5197
11.7846
11.2417
10.6133
13.873
18.7646
20.2174
18.0238
16.2717
15.2822
13.1714
11.8529
17.8066
12.7165
13.2106
12.5748
11.7814
11.6113
10.8086
10.7934
17.3463
20.9904
18.872
17.0868
15.8202
15.4781
14.2651
17.902
13.2665
12.7513
11.8912
11.8529
12.7105
12.4982
14.2549
21.0321
19.3127
17.4399
15.799
14.6705
13.9523
15.9902
15.0194
14.237
13.5528
12.7695
12.082
12.1373
22.111
20.0044
18.1261
14.0924
12.0868
10.9891
12.7929
11.6192
10.5462
15.0602
12.9894
12.9861
12.1962
11.7964
14.3812
18.4068
17.6333
16.3642
16.5344
14.9465
13.3955
13.5387
13.5457
12.5701
13.3216
12.4753
11.8196
11.3395
11.3354
17.6016
15.1057
13.7862
12.9942
11.941
11.2272
10.7649
10.7028
14.538
13.4906
16.4676
15.4884
14.7531
13.4095
12.6764
13.6267
21.2544
19.2077
17.2888
16.1265
14.7399
14.4204
15.0358
14.532
16.2671
14.8399
14.3587
13.3791
16.3741
18.5632
18.0888
16.7656
15.4352
14.4435
13.2657
12.9275
14.575
13.6076
14.6317
13.753
12.981
10.7336
19.4099
24.4333
18.509
14.2943
12.7375
11.9836
12.3737
12.4562
11.6221
13.5531
12.5115
11.7186
11.4876
10.2944
10.2349
10.5416
22.3073
20.7351
16.7592
13.2958
12.8537
12.3084
11.7266
12.6189
12.1363
12.047
11.3956
10.4557
10.1298
10.2739
9.7052
20.8843
20.9529
18.5687
14.1549
12.2384
11.3401
10.7938
12.6424
13.3894
12.6576
11.4577
11.7985
11.4963
10.9961
11.0329
11.8426
17.8723
15.789
15.2958
14.1164
13.2896
12.4735
12.1698
14.5556
15.0834
16.4521
14.7761
12.6586
12.2351
12.4286
16.6015
21.4987
19.7986
23.6154
21.6082
20.5675
20.9175
19.4475
17.8444
16.4876
15.8067
24.7053
22.9735
16.8181
14.2824
13.2375
12.4715
14.745
15.3316
13.1354
12.6615
12.0767
11.3458
11.506
14.9987
22.4033
20.2006
18.4561
16.8685
15.6796
18.083
17.6631
15.8977
14.4906
14.0447
12.7004
16.0677
22.8797
20.7384
18.7001
14.512
12.6024
12.7292
12.8697
14.5722
13.9599
13.2711
12.7031
12.2925
12.8575
12.3236
23.1658
21.7815
19.2802
17.3804
15.7684
14.8123
14.5524
16.2906
14.9217
14.8548
14.3725
13.7545
19.0585
22.6654
19.4141
17.6364
16.2573
13.1765
12.9167
12.8528
11.4303
13.0737
11.6254
11.0139
11.4855
13.345
19.8846
22.3126
19.5442
