NVIDIA RTX 6000 Ada Generation, Driver version: 576.02.0.0
558.208
41.0261
42.3103
42.1079
40.1227
42.4714
41.3492
39.9669
38.7453
35.9857
32.5257
32.9477
32.5513
32.0887
31.7459
30.4529
30.0619
29.6596
29.6313
33.4395
35.6433
34.4268
35.9934
40.4335
43.8301
42.4977
40.5162
41.6241
43.4855
42.4902
41.7409
43.5569
40.3607
39.255
41.4186
41.0835
39.5925
38.8753
38.0537
38.1475
37.3578
36.2745
36.551
38.9836
36.8349
37.0382
38.458
37.3129
37.2611
36.2704
37.6772
38.3658
37.7391
37.6923
37.9697
41.2503
40.7793
44.3758
43.0581
41.6701
39.3072
41.5531
41.3001
39.5702
39.5058
40.9095
40.1267
40.9788
1.8612
0.9266
1.0491
0.9234
1.2538
1.0161
16.4873
2.3705
1.3295
1.1169
13.233
2.6285
12.8883
2.2486
13.8191
2.3142
14.5131
2.2279
14.1491
2.2351
14.3544
2.3383
14.3519
2.0776
1.7249
1.501
1.0824
1.6235
1.5155
29.7937
2.8577
15.2914
2.3421
14.6264
2.4457
14.4939
2.5959
14.5398
2.3082
14.4847
2.3085
15.0041
2.1379
14.5442
2.4901
14.5831
2.1487
14.7384
1.9513
14.5491
2.1225
14.4607
2.2918
14.5959
2.3207
14.4751
2.1112
14.883
1.924
14.5175
2.173
14.6613
1.9187
14.7524
1.6954
14.4061
1.8263
14.5314
1.8083
14.9522
1.7351
14.3731
1.75
14.9832
1.7208
14.8005
2.0882
1.2989
1.9038
1.3014
1.2047
1.2158
1.3278
1.2231
1.19
1.1983
1.9614
1.3027
1.2302
1.6786
1.9702
1.1493
1.9373
1.572
1.1806
1.138
1.0934
1.4666
1.3633
1.3849
1.1348
1.1711
1.2499
1.1665
1.1686
1.7702
1.1922
1.3422
1.105
1.4786
1.3905
1.3384
1.1637
1.2437
1.2732
78.049
2.032
1.2143
1.4658
1.3001
1.2678
1.2185
1.3833
1.8844
1.2747
1.4363
1.214
1.2363
2.0016
1.3514
1.23
1.2142
1.247
1.1963
1.3421
1.89
1.3055
1.7648
1.2635
1.2557
1.3092
1.7951
1.3282
1.2865
1.8331
1.2696
1.2795
1.3265
1.296
1.4062
1.2534
1.2566
1.2417
1.202
1.2323
1.31
1.7948
1.3364
1.2448
1.2687
1.234
1.3138
1.9046
1.2657
1.9038
1.9417
1.6159
1.3503
1.8773
1.7282
1.8396
1.4608
1.2567
1.2361
1.1794
1.2498
1.3086
1.6141
1.3043
1.6292
6.339
1.2216
2.0228
1.8846
2.9474
1.1315
1.2153
1.3728
1.2423
1.7443
6.303
1.2882
1.327
1.7052
1.2903
1.1676
1.451
1.1727
6.4323
1.8695
1.2187
1.1568
11.6052
6.1025
1.5179
1.3818
6.1203
1.3945
1.3978
1.7078
1.7821
6.9423
1.7474
1.5524
6.8702
2.0613
2.2768
6.237
2.0891
5.9335
5.6162
6.8932
3.1784
2.0912
2.0482
7.1588
2.1111
1.9051
1.9944
6.4664
6.3311
2.0617
1.7477
1.9068
1.882
6.5269
2.1237
1.9427
1.7518
2.3538
1.953
2.4535
2.0158
1.8006
1.6271
1.8524
1.7446
1.6245
1.6594
1.5774
1.5724
1.8589
1.5323
1.4493
1.4038
1.3543
1.4141
1.5041
1.4574
1.41
1.5007
1.4151
1.4018
1.4117
2.3544
1.5419
1.4104
1.3744
1.4185
1.4251
1.4329
1.597
1.4899
1.4642
1.4577
1.4419
1.4806
1.4345
2.4298
1.5032
1.5173
1.4798
2.8502
1.7602
2.2929
1.5215
1.4222
2.4776
1.5507
2.3975
1.5082
1.4844
1.4877
1.487
2.636
1.5771
2.9017
1.9539
1.471
1.4982
1.6227
1.5365
1.4369
1.4631
1.5894
1.5208
1.6313
2.577
1.5634
1.4876
1.5297
1.525
1.5207
1.6209
1.5358
1.4679
2.6495
1.6867
1.5721
1.4799
1.5584
1.5375
1.5328
1.4671
1.5543
1.4913
2.9737
1.8676
1.6907
1.5468
1.637
1.5863
1.637
1.6692
1.5686
1.6108
1.6929
1.478
2.6622
1.8247
1.6242
1.7528
2.705
1.4801
2.5132
1.5954
1.6251
1.6278
1.5967
1.4981
1.494
1.5247
1.6111
1.6974
2.759
1.5751
2.7925
1.7248
1.6338
1.6466
1.5964
1.7294
1.6257
1.6192
1.5165
1.6165
1.4563
1.5224
1.6415
1.7506
1.7059
1.6634
1.4921
1.6401
1.7793
1.6505
1.6531
1.5386
1.4972
1.8106
1.7552
1.65
1.5297
1.6525
1.4954
1.5754
1.641
1.552
1.8155
1.6588
1.5361
1.67
1.5617
1.6181
1.6714
1.5609
1.549
1.8785
1.724
2.8499
1.7869
1.7843
1.5989
1.7008
1.5766
1.5927
1.6435
1.7307
2.9179
1.7698
2.0868
1.6615
2.8919
1.5846
1.6405
1.6445
1.7676
1.7048
1.7231
1.6149
1.6809
3.1638
2.8575
1.7273
1.7222
1.6204
1.7393
1.7463
1.628
1.6829
1.7493
1.7195
1.8172
1.8546
2.0786
1.9146
1.8465
1.7031
3.0274
1.7397
6.4214
1.6963
1.768
1.7059
1.8568
2.9673
1.7513
1.8709
1.7228
1.8305
1.7357
3.1281
1.9922
1.6925
1.7728
3.0087
1.9026
1.8929
1.8036
3.0619
1.9588
1.7284
1.8575
2.4601
3.4412
1.9255
1.8859
1.7773
3.2657
1.7361
1.8202
1.7202
3.3709
1.8805
1.974
1.9522
1.9542
1.828
3.0544
1.9329
1.8267
1.7584
1.8484
1.9105
3.0086
1.8967
1.9969
1.8467
1.8676
1.8576
3.166
1.9315
1.9161
1.8999
3.0924
1.7934
1.8075
1.8921
2.0124
1.9896
2.062
1.7382
3.0373
2.0169
1.91
1.9485
1.9709
1.7534
1.9007
1.9565
3.0659
3.2417
1.9844
1.7213
1.7521
1.9044
1.7854
1.8397
3.1666
1.8752
1.9654
1.8833
1.7792
1.8905
2.0352
3.307
1.8548
1.9324
1.8115
1.9141
1.8398
1.9232
2.0383
2.0002
3.2019
3.1602
1.935
2.0369
1.8713
1.9542
1.9713
2.0959
1.9745
1.9435
1.8319
1.951
1.8345
2.0859
2.4569
1.9669
1.8759
2.6795
2.4337
2.5965
2.4369
2.0599
2.0182
3.4141
3.1907
1.8957
1.861
2.2591
2.6697
2.2567
2.0899
2.0804
3.5658
1.9507
2.0514
2.1784
1.9696
1.9538
2.0022
1.9397
1.9928
2.115
2.1063
2.0752
2.0312
3.3618
3.2828
2.0357
2.0777
2.0845
2.3491
2.0409
3.4981
2.2319
2.0945
2.0858
2.0474
2.1381
2.071
3.3871
2.1482
1.9111
3.4182
2.0859
2.0631
2.0443
3.4473
1.9412
2.4521
2.1064
2.3731
2.3331
2.0818
3.4993
2.177
2.0081
2.206
2.1236
2.22
2.1128
2.1462
2.1071
2.3122
2.1387
1.984
2.1221
2.5702
2.1264
1.9887
2.1394
2.2093
3.8631
2.1873
2.0134
2.1416
2.0257
1.9799
2.019
2.144
2.0204
2.1442
2.0262
1.966
2.0717
2.159
2.0465
2.1435
2.0571
2.0339
2.0794
2.1338
2.3027
2.2132
2.0548
2.0501
2.0471
2.2034
2.0783
3.8828
2.2646
2.0701
2.193
3.8182
2.1833
3.8685
2.2229
2.0897
2.1814
2.1075
2.0967
2.2219
2.0997
2.2551
2.1269
2.0862
2.2364
2.1485
2.0787
2.106
2.4057
2.1336
2.2866
2.7424
2.0946
2.2116
2.1731
2.1532
2.1521
2.1715
2.1672
2.2091
2.2346
3.8689
3.6881
2.1229
2.0867
2.1197
2.0898
2.1123
2.1066
2.1403
2.195
2.1956
2.1523
2.1413
2.1168
2.0741
2.3126
2.0863
2.0705
2.1104
2.7839
2.9001
4.2097
3.0783
2.8503
2.7607
3.9049
2.1621
2.2166
2.8582
2.3594
2.628
2.3612
2.1707
2.3277
2.2113
2.3618
2.7233
2.5746
2.2194
2.1898
2.3246
2.2242
2.3303
2.2583
2.2126
2.3336
2.4266
2.3512
2.2816
2.3485
2.2701
2.4132
2.4126
2.5554
2.425
2.3535
2.9301
2.6892
2.3972
2.8798
3.1955
2.9631
2.7019
2.4831
2.4157
2.6548
2.5023
3.0746
2.8442
2.8257
2.4477
2.4558
2.3102
2.3324
2.4687
2.5578
2.6457
2.3709
2.4016
2.277
2.9567
2.4169
2.3492
2.4158
2.7437
2.4222
2.3499
2.3542
2.7674
2.4836
2.9673
2.9848
2.9545
2.9968
2.4689
2.4187
2.6366
2.5276
2.448
2.522
2.5446
2.5475
2.4859
2.3792
2.4471
2.5438
2.6428
2.5246
2.649
2.5158
2.7762
2.7148
2.5378
2.5917
2.7989
2.5214
2.4649
2.9604
2.9526
2.9391
2.7726
2.548
2.8039
2.7987
2.5593
2.4407
2.4494
2.8666
2.7124
2.6287
2.5695
2.6208
2.5879
2.4695
2.7004
3.1011
2.5186
3.2668
3.0371
2.8863
2.5765
2.7202
2.5946
2.7097
2.564
2.8552
2.6253
2.6108
2.5114
2.4365
2.5591
2.6137
2.5466
2.5184
2.4933
2.4402
2.6832
2.5692
2.6505
2.7326
2.7287
2.557
2.6494
2.8399
2.5472
2.9823
2.6205
2.4712
2.5354
2.5161
3.0625
2.6383
2.5356
2.858
2.7837
3.0757
2.7751
2.6979
2.6952
2.8402
2.8854
3.1663
2.6502
3.2001
2.6792
2.6
2.6746
2.724
2.7064
2.7038
2.5525
2.7784
2.7193
2.6763
3.1616
3.6648
3.1801
3.4355
2.8507
2.8217
2.7735
2.7222
2.6558
2.7425
3.3426
3.4896
3.1266
5.1237
2.6687
2.8644
2.7505
2.7755
2.9402
2.7783
3.0141
2.9965
2.9335
3.132
2.8936
3.0443
2.7861
3.0334
2.8618
2.8155
2.9019
2.8969
2.7322
2.9
3.0556
2.851
2.9233
2.7636
2.9012
2.963
2.8699
5.5205
2.9771
2.7464
2.8248
2.9222
2.9496
2.8506
3.1592
2.9992
2.9916
2.8799
2.9726
3.0028
2.9262
2.9496
2.8492
2.8266
2.8754
2.8839
2.8629
2.8159
3.0367
2.9468
2.9269
2.9111
3.0587
2.8577
2.8911
3.541
5.3925
5.282
7.1568
2.9437
3.155
2.9667
3.1872
5.4653
2.855
2.9165
2.9138
2.9803
2.9418
2.9131
2.8474
5.2995
3.1063
3.0186
2.9983
3.0504
3.0185
3.3967
3.5788
3.5718
3.2897
3.2884
3.1611
3.1379
3.0853
3.0432
3.1398
5.9229
4.2949
3.9759
4.1143
2.9852
2.9606
3.1836
2.9793
3.6268
3.0314
3.0945
3.0395
2.9661
3.0575
3.0455
3.0302
3.0896
3.0529
3.3089
3.0018
3.0677
3.016
3.1471
3.1036
3.0932
3.0282
3.0459
3.0328
3.1395
3.1008
3.0054
3.2135
3.3002
5.9068
3.6135
3.262
3.2557
6.1145
3.5347
3.5486
3.3275
3.2098
3.1166
3.1442
3.6254
3.1823
3.544
3.0877
3.188
3.2037
3.1627
3.1311
3.6202
3.114
3.6506
3.4653
3.1567
3.1646
3.5959
3.3588
3.7155
3.2807
3.681
3.2853
3.4209
5.7621
5.8129
3.3633
3.3439
3.2299
3.3098
3.2085
3.7751
3.22
3.2269
3.3812
3.7144
3.2232
3.8103
3.1985
3.2207
3.2842
3.2237
3.2056
3.2305
4.3709
3.4196
4.0171
3.2669
3.335
3.3533
3.2936
3.3464
3.237
3.7664
3.3027
3.8703
3.2399
3.388
3.4296
3.6786
3.6052
3.9449
3.2586
3.2722
3.2705
3.1622
3.3257
3.2584
3.5157
3.2475
3.3711
3.3224
6.6942
3.4338
3.357
3.6395
3.2982
3.2531
3.2591
3.5698
3.3762
3.4394
3.3288
3.4328
3.4538
3.8926
3.3701
3.5315
3.3925
3.3578
3.3717
3.6736
3.4496
3.3992
3.501
3.8547
3.7053
3.4183
3.5402
4.1307
3.295
3.7628
3.3985
4.2795
4.032
3.8082
3.3622
3.4933
3.5545
3.5432
3.4542
4.1379
3.4444
3.5332
3.5495
3.6582
4.0949
3.9799
3.4234
4.2682
6.9918
6.8622
7.2072
6.3626
3.8056
3.7353
3.6066
3.6612
3.4685
3.3958
3.4187
3.4322
3.4631
4.0305
3.6582
4.7417
4.6871
3.9998
4.365
4.1012
3.649
3.6821
3.6059
3.7875
3.978
4.7075
4.3853
3.8434
6.7592
3.5442
3.5685
3.5314
3.5202
3.4379
3.5709
4.0198
3.9314
4.3705
3.7366
3.5384
3.6236
3.5789
3.5677
3.4941
3.6726
3.9147
3.9994
4.2423
4.9978
3.9413
3.8016
3.8759
3.6593
3.62
3.7823
3.7329
3.8006
3.7389
3.6461
3.6059
7.5955
3.9839
8.7654
4.6293
3.9668
3.9139
3.981
3.8743
3.7236
3.8576
4.7739
3.7034
3.667
3.8227
3.6629
3.5722
3.9748
3.9211
3.7167
3.8599
3.8578
3.6463
4.2748
3.9269
3.7126
3.6838
3.7339
3.6377
3.7476
3.6523
3.9678
3.9588
3.7941
3.7505
3.9712
4.2016
3.7677
3.84
7.5431
3.7063
3.6736
4.0743
3.7933
3.6007
3.7897
3.7496
4.2261
3.808
3.984
3.9734
4.4088
4.277
4.0833
4.0858
4.0473
3.8442
3.8167
4.3237
4.1298
3.7936
3.8371
3.8209
4.3879
4.3132
3.8009
4.2216
4.0469
3.9838
3.9663
4.0695
8.1154
3.8871
8.4171
3.9163
4.0562
3.9731
3.9535
3.7454
3.8774
4.3447
3.9735
3.8757
4.3293
4.308
4.1907
4.3859
4.3362
4.1927
4.176
3.986
4.4398
4.415
5.0363
4.6218
4.3297
4.3125
9.3805
5.3566
5.6098
5.8479
5.3386
5.325
5.003
5.162
4.7794
4.5768
4.6259
4.6002
5.0107
4.527
4.3433
4.4395
5.9141
4.4846
8.6983
7.1828
5.3621
5.0041
4.8003
4.6575
5.2093
5.261
4.5732
4.4894
4.3478
4.999
5.3842
5.3534
5.0168
5.5862
5.7959
4.489
4.7719
4.5545
9.2934
5.7581
6.1792
7.9077
4.8417
4.695
4.6036
4.3859
4.4033
4.7365
4.6784
4.399
4.7952
4.3354
4.2661
4.4369
6.1677
4.8865
4.5897
5.0104
5.9349
5.5574
5.694
7.5173
4.666
4.7836
4.69
4.6928
5.1175
5.0141
5.1609
6.6594
4.6924
4.8886
4.5112
5.9812
5.0391
4.928
4.6621
5.2667
4.9649
5.2597
4.7666
4.7325
4.5561
5.0907
4.7468
4.6434
4.8086
4.7693
4.5344
7.1955
5.1073
4.5881
4.8859
5.0513
5.2088
5.3232
4.6528
5.4407
5.2551
4.937
4.8617
5.2604
7.0088
7.0013
6.7177
6.2038
5.6446
6.8913
5.2147
9.1265
5.4673
5.008
4.6345
4.9215
5.3707
4.7344
5.7447
9.1668
5.2216
5.5154
5.1425
4.9434
4.8872
4.9901
5.5541
5.0643
5.2666
5.0307
4.8793
5.22
4.9947
5.0078
5.0614
6.1388
4.8804
5.8981
6.2645
9.5407
8.068
6.895
5.6875
5.0141
4.8928
4.958
5.0048
4.7949
5.346
6.149
5.7355
7.8135
4.9839
5.3472
10.2499
6.3661
11.6147
9.221
12.232
8.6874
6.2268
5.5613
6.3512
5.4731
5.1563
5.2457
5.2379
4.9271
9.6838
5.2853
5.2179
5.1655
4.8437
4.8383
5.0864
7.3462
5.9106
4.8859
5.2698
5.599
6.1272
5.8985
6.4283
5.6646
5.1652
5.0749
4.8912
5.1723
5.1124
4.9911
4.9697
4.873
5.0025
4.9535
5.3618
4.9474
4.8632
5.062
5.2094
5.253
4.8804
5.1634
5.296
5.2106
4.9496
9.1781
5.2545
5.1107
5.3749
4.87
5.5108
5.1676
7.3085
5.3251
5.2058
5.0624
5.2615
5.353
5.257
8.0882
5.125
5.5922
5.6811
4.936
5.422
5.4809
5.1621
7.5268
5.287
5.445
5.0651
5.281
5.1279
8.4923
5.9221
6.3797
8.1983
5.3669
5.2721
8.1631
10.0383
5.8338
5.2742
5.7496
7.1526
7.5766
6.3187
5.4426
7.4587
5.9147
5.1915
5.1038
4.9507
5.0952
6.7755
7.3799
5.2324
5.113
5.4121
6.0914
6.5725
11.2631
10.94
5.7477
5.6907
5.3959
9.6967
5.9937
5.3659
5.4132
5.6769
6.1778
6.9293
8.2844
8.0792
10.0239
6.2623
5.7329
7.7689
5.2874
5.2571
5.4173
6.0832
5.7108
6.028
6.8068
5.8616
5.8
5.6858
5.237
5.6059
6.1019
6.059
5.961
5.2967
8.1222
6.992
5.913
5.6537
5.8196
5.5662
5.3299
5.2896
5.3786
5.3834
6.3753
5.7181
5.6009
5.2258
9.4883
5.1674
5.7616
6.5025
5.7228
5.857
7.5292
6.9959
5.9966
7.5704
6.6079
5.802
9.8276
5.5076
5.4387
6.5753
7.0645
6.4522
6.8861
7.5032
7.2489
7.6125
7.2655
9.1328
10.5236
10.8382
10.0175
8.1432
7.2682
6.2047
5.6612
5.7813
5.5671
5.9003
5.7807
8.0363
12.5024
9.2819
8.3924
6.898
7.5495
12.2904
7.7225
7.1761
7.2239
6.6353
6.182
6.1875
5.9644
6.953
5.8911
6.2711
5.9513
6.0392
10.2252
10.1859
9.0442
7.0979
6.5691
7.1994
7.6628
7.1002
6.7534
6.0826
5.853
6.0768
7.0332
6.3486
5.7167
7.3349
6.7048
6.0281
7.0006
6.956
6.2574
7.0001
10.302
8.9586
6.8335
6.9465
7.5058
6.9663
5.9567
5.6503
6.0129
5.9143
7.7597
5.676
5.8961
5.9106
5.8666
6.4334
6.1041
5.9329
5.8118
5.7638
5.7607
6.7913
5.705
8.3382
5.9052
7.2052
6.9678
5.9561
6.0224
8.183
6.0492
6.2703
7.4878
6.354
6.1799
8.6313
10.0212
9.9
9.5303
8.3048
8.9223
6.7348
6.5379
6.124
6.077
6.8324
8.0082
7.2996
7.3348
7.3234
6.9046
7.5474
7.5727
7.6748
7.1658
7.1252
6.718
6.4823
8.0404
7.4046
7.0287
7.0323
6.6878
6.4701
6.0745
6.325
6.162
7.1731
5.9636
6.0688
5.8589
5.8353
6.1519
5.8079
8.8113
7.0444
6.6227
5.7998
5.7724
6.814
8.2788
11.384
7.6333
7.1159
7.0593
6.7632
11.7858
15.9099
16.0727
13.7477
13.0499
10.9853
8.5644
9.6533
7.7051
7.3417
6.7127
6.2162
6.3216
7.721
8.3398
8.9908
8.8862
8.5809
7.5381
7.3243
8.4969
6.5869
6.7311
7.0406
6.5588
6.6763
6.2908
8.0488
7.04
6.1624
6.8599
6.9711
6.3019
6.9084
12.1696
12.148
10.016
7.7887
6.7399
8.8421
9.127
8.3972
7.378
8.0972
6.6685
7.3023
8.041
6.4037
5.9368
6.5225
6.5168
6.2871
7.1787
7.0689
6.5661
6.002
6.0498
6.4234
7.6515
6.7299
6.5493
6.6886
6.6808
6.6095
6.9732
11.7999
6.5787
6.7978
6.7018
7.6643
11.1937
9.1084
6.5857
6.4073
7.5768
6.3955
6.2405
7.079
8.722
8.4741
10.006
11.6881
11.2276
10.4986
8.6159
9.7463
8.0746
7.9462
8.1076
7.3574
7.0062
6.9432
6.8921
7.4759
8.4926
6.7315
6.5125
6.2243
12.4459
6.5672
6.4076
6.9105
7.0107
6.7906
6.6484
6.3952
6.3617
7.2869
6.475
6.6304
11.5402
11.744
6.6991
6.741
9.1626
8.7653
9.3987
11.9102
7.7574
7.3422
6.7116
8.1457
8.2504
6.9558
6.6717
6.85
6.8148
6.4432
7.2548
7.6096
8.9218
8.9298
10.7664
11.1166
10.9295
12.5871
9.4844
9.9477
7.025
6.8217
8.1035
8.3511
7.2582
6.8306
7.2184
8.9294
10.8575
12.6059
12.1986
11.3606
16.0561
8.7579
8.8319
11.1064
8.8089
8.1873
8.7839
8.4446
8.4701
8.1776
8.7849
9.2196
17.7681
9.8867
14.9334
9.8136
9.7504
9.199
11.0785
9.6195
10.1404
10.2688
8.7463
8.9707
9.4787
8.9013
10.5001
9.6952
10.1151
10.0134
9.1116
15.8611
10.2339
9.3329
8.875
10.9208
10.2273
9.7388
16.1146
11.9652
14.7223
14.7884
14.0527
12.3388
20.3665
12.9496
12.1728
10.6654
9.8074
8.6603
8.419
8.9041
10.1982
9.6561
9.6153
8.995
9.2363
9.2641
10.164
14.4586
9.6602
9.385
9.9438
7.7704
7.8147
8.4175
7.748
7.0644
7.1988
8.1183
12.8715
7.3311
7.4159
7.1032
7.0986
8.9976
7.84
7.9397
8.7461
7.9028
7.5665
7.6951
7.562
7.5448
7.7041
7.6269
7.2661
19.5625
18.5919
18.1383
15.9028
16.1085
12.3189
10.6715
10.0141
11.5507
12.0157
11.5279
12.2756
14.3716
8.4586
8.1295
8.5061
7.6425
8.0352
7.7298
7.8024
7.3233
7.7539
7.3092
8.2962
8.7305
9.4589
8.6398
8.1444
9.252
8.6902
8.493
8.0598
7.5414
7.7522
7.9681
7.9006
7.8732
7.5312
7.7204
7.8308
8.7697
8.7891
9.4036
7.622
7.6332
7.8712
7.6782
7.5518
7.2143
7.5502
7.9969
8.1139
9.7555
7.5783
7.7155
7.8194
8.9811
10.6817
13.7059
13.6882
13.7815
12.4127
11.3935
12.9224
10.7588
10.2105
10.1159
9.9842
8.468
10.6417
8.7651
11.4896
8.5369
8.125
9.194
8.9853
9.2532
7.9523
7.6858
8.3334
10.9377
8.6608
8.2655
8.6724
8.2184
15.306
9.3913
9.2524
8.512
10.655
8.9349
8.9397
8.7147
8.0708
7.9912
11.0565
9.788
9.0848
9.0706
8.5936
9.4201
8.4586
8.0063
8.0167
9.6434
8.7988
8.3657
8.9833
8.1476
8.36
11.6551
13.1964
12.9045
10.7704
9.786
9.7597
9.0801
8.999
8.7402
10.6957
12.8428
12.3534
11.7789
9.536
8.6631
14.1211
8.4688
8.6043
8.4841
8.7366
8.3485
8.1165
8.2136
8.4111
8.6931
8.7373
9.5513
9.7688
10.0599
11.9204
21.4144
17.5326
23.7117
18.842
18.9843
19.0779
18.8932
19.2881
20.5217
20.9111
23.9387
26.4553
26.1435
27.4038
26.8779
26.6844
26.6125
26.1789
26.0715
31.6855
26.5479
25.3531
25.1702
25.3324
25.74
31.6312
26.5994
26.0374
24.6197
24.3835
23.9597
25.3026
25.8572
25.7121
27.1314
27.4435
25.1463
24.9522
24.9344
24.7489
25.094
26.4743
23.4243
20.2305
25.2345
17.9929
17.2275
12.4558
9.7524
9.1206
8.7986
8.8664
13.9189
15.8958
17.0482
16.5876
24.0599
17.4351
15.8546
14.3042
11.6673
10.5406
10.2836
11.0242
11.1779
18.9083
14.4192
11.521
12.0552
11.598
10.4732
11.6414
10.7825
10.9687
10.8022
10.0981
9.6786
9.1433
9.5285
9.304
9.6132
10.751
9.8945
10.3541
9.5609
9.4528
10.189
9.6935
9.7127
9.7523
9.1289
9.5604
9.0945
8.5745
9.5362
8.6796
8.6123
8.8141
9.2299
10.0797
8.9221
8.8498
9.4054
9.3599
9.5842
12.0321
14.4906
15.676
14.8294
12.3653
13.7512
15.3681
14.865
13.6371
10.8289
9.2968
10.3916
10.4727
10.3297
11.1033
10.07
10.089
10.661
9.6885
9.94
9.737
8.8663
11.3259
9.8715
9.6989
9.341
10.6927
11.5108
11.188
10.4673
16.2238
16.6243
13.9603
13.7717
12.8221
16.2878
17.6031
19.4837
16.5413
15.7082
14.9681
15.7876
17.6792
14.4258
12.2375
11.1282
13.0592
16.8475
20.6315
20.521
21.8938
21.0832
19.819
19.6567
19.486
19.7855
20.7984
21.4553
22.1276
22.4748
22.9414
23.0983
24.6246
24.2012
24.5398
24.7771
24.8546
25.6052
27.8143
28.2724
27.7654
26.9544
27.0568
26.7388
27.3344
26.8737
26.7981
27.0295
27.117
27.2971
27.7575
35.0245
30.2038
33.9164
29.5099
33.5778
27.343
27.5988
18.3434
16.901
14.6928
13.1066
12.7987
11.235
10.4151
11.7961
16.7539
16.4208
15.4041
13.3562
11.8393
11.3293
10.9712
11.5284
10.3612
10.729
11.3179
10.8458
10.4717
10.553
10.8012
10.5903
10.6041
10.8668
10.5391
10.3416
10.3559
10.1961
10.8772
10.8176
9.8015
18.272
10.0906
10.2098
12.0034
10.317
13.3113
16.3898
16.5981
17.7373
17.1647
16.3507
13.5404
13.8595
22.1809
18.1436
18.376
17.1874
17.1891
18.6313
23.1899
19.0897
18.8737
16.5759
22.8105
23.4906
26.0231
24.1848
25.7255
26.5067
21.9973
20.9301
19.6713
18.8244
17.5356
17.4061
16.6774
15.4529
14.7835
14.3091
20.8748
15.8256
16.8197
20.2445
22.065
20.1881
19.5197
20.0648
23.9494
18.1261
19.2483
24.1927
18.8631
18.1089
17.2833
16.4028
16.5649
16.7829
17.5366
15.6032
14.3197
14.2295
15.3238
22.7449
28.4704
27.038
24.3809
21.4319
18.6666
17.0834
23.5731
15.7746
15.4619
15.3929
15.1874
28.2523
25.4456
24.9868
21.8826
27.3802
21.8988
18.0046
15.4245
12.8781
11.8115
11.7341
11.605
11.5652
11.4384
13.6748
11.4416
11.2774
11.6105
10.6571
10.433
10.4142
13.4977
12.6372
11.5061
10.9734
11.9813
12.9036
12.6904
13.0418
14.4921
13.1877
12.0267
14.1721
13.4014
12.5695
12.2943
12.1185
13.5663
18.5653
12.6511
12.223
11.5958
11.4517
15.5765
19.1521
12.9817
12.7528
12.711
11.832
11.1594
11.0169
11.1807
12.342
11.4642
11.1188
11.6902
18.2187
22.0182
24.0377
28.208
21.5158
20.3411
16.9471
13.6209
13.1599
13.1147
14.1176
19.0966
18.8684
20.2937
20.5373
22.1545
20.3165
19.5928
19.1198
16.2264
14.7091
13.4441
14.2226
12.9589
12.6279
11.836
11.9406
12.0214
19.9009
19.9094
14.4385
13.7347
12.5452
12.5962
13.1056
13.9284
12.5643
13.2216
15.2498
13.8792
13.1329
12.6876
12.3594
13.5634
14.5873
14.3499
13.4221
12.8792
12.9184
12.6513
13.2601
12.1077
12.1965
12.9688
12.6109
12.8584
12.0584
12.0208
11.8227
12.7384
12.1504
11.6289
11.317
12.4678
12.9092
12.5928
14.4548
12.2869
11.7064
11.8103
14.2455
34.9965
29.3862
27.8445
24.8164
21.5592
17.6117
17.4493
21.0548
20.0033
19.9094
18.6246
17.5037
16.6323
15.888
13.7279
16.0484
13.3748
13.3516
13.2964
12.6015
11.8465
18.9513
13.0677
12.3136
12.2957
13.4571
13.8829
13.8644
12.9581
11.7757
11.9003
12.4789
12.4164
13.2034
13.1432
12.8228
13.7549
12.5523
11.9339
15.0175
13.4017
13.3754
14.0354
13.3
13.0279
13.7589
12.8845
20.8422
12.922
13.1855
12.9483
19.3
12.4543
16.4574
13.7547
13.4661
13.9568
14.1419
14.2178
14.6003
14.1393
14.3674
14.7105
14.3444
13.8928
22.9099
20.3149
20.9173
20.3335
17.0159
15.375
14.3184
13.5115
13.1726
19.6051
22.526
22.2366
20.7669
19.2289
18.6803
19.1533
18.4697
17.9582
16.3607
15.667
14.1923
14.0411
14.8658
14.6989
15.6278
15.6299
16.2413
17.0907
17.4907
16.669
16.123
16.0991
21.9459
15.2291
15.5463
15.449
16.7914
14.7408
15.8746
15.361
15.6101
14.7213
15.5947
15.2035
15.0666
15.3858
15.097
14.3806
14.0359
13.7225
12.9425
12.3745
13.744
13.8072
13.3028
13.2444
12.8028
16.5403
19.1632
18.0518
19.1757
16.7521
16.37
15.9234
16.0845
21.3426
37.2473
28.7767
29.2696
29.1629
28.443
25.0466
24.231
21.8658
18.8454
17.2301
15.9596
16.7494
16.0235
15.1053
15.0165
14.5636
13.9117
14.0159
24.7205
16.3966
16.2269
15.4729
15.2071
15.0848
14.555
14.2509
13.5598
13.2835
13.2638
13.6466
13.9436
14.0036
13.5827
14.5466
14.402
14.5917
14.0573
22.4374
14.7441
14.8361
14.6873
16.1987
16.8354
16.4499
15.4347
15.669
14.0518
13.9132
13.6408
13.8368
13.7942
13.57
15.8591
15.2726
15.1232
15.1621
15.3237
13.8647
26.0043
24.0363
25.0533
23.4412
26.0479
25.883
25.4634
25.1042
25.8091
23.3026
19.7996
17.505
15.6742
15.1978
16.4568
16.0982
15.2071
14.6787
14.4467
14.2151
16.4716
15.7455
15.2848
14.4294
16.9282
15.4112
14.6396
15.5223
22.7984
15.8694
15.7466
14.6043
16.722
21.0906
20.2243
19.1443
17.9117
16.03
16.3685
17.3649
18.3948
19.2539
21.1741
19.1884
16.8706
16.7164
24.3031
17.0559
16.5642
15.9851
16.015
16.112
15.0023
15.584
15.5451
15.4309
15.1106
16.9121
23.404
26.3217
33.08
32.8354
31.027
29.5581
25.1356
22.8584
19.7389
18.0631
17.035
16.4813
16.0625
15.4476
15.0748
15.319
16.4144
16.6126
16.6745
15.3409
15.5732
15.4815
14.9911
15.2563
16.3851
17.7784
17.042
15.9815
15.7212
14.826
15.303
14.8889
15.3885
15.292
15.1386
14.8181
24.8356
16.8897
16.1741
16.1544
16.9401
16.9966
16.8255
17.5949
15.9796
15.6648
15.6502
16.3669
17.2268
16.9798
17.057
17.3109
17.3137
16.71
18.8301
19.1407
25.0957
30.3795
29.315
31.3273
30.1089
29.0551
23.1615
20.725
17.6612
16.7343
16.3772
16.6784
16.4868
16.8012
16.077
24.1459
17.3422
19.1951
19.9424
19.1772
19.2504
19.7011
26.039
20.3541
20.5001
17.5833
16.512
16.8936
16.5772
17.7656
17.4345
17.0113
16.4273
16.1144
16.8567
16.7779
16.7807
16.7226
16.7235
17.5314
23.6072
21.7088
19.8225
18.2754
17.2316
17.4923
17.9509
16.9987
17.1089
26.415
19.2275
18.6941
30.079
31.5416
32.7667
36.5594
34.7831
32.5342
30.3731
24.6916
21.3696
18.9092
18.3699
27.5635
19.4667
20.292
18.9499
18.5546
16.8045
16.1655
16.2631
16.855
24.991
20.8386
20.5308
18.0989
16.5534
16.3192
16.3581
16.3848
19.2056
18.4086
17.7151
17.2748
17.5285
17.8586
17.4714
16.4152
17.4641
17.3485
17.6076
18.6557
18.8684
19.3757
19.3806
20.4602
19.9947
18.7552
18.7089
18.425
20.417
29.7737
31.4619
38.9354
32.0825
31.7921
30.8535
27.9178
24.3557
21.7333
20.1659
19.5124
18.5061
19.4596
19.9267
19.2526
20.3829
19.3381
18.4926
18.7944
20.4542
21.1077
20.7074
20.1313
19.6776
19.7031
24.1679
19.6303
19.7813
19.8219
18.8786
18.6195
19.219
18.8682
18.6668
17.907
17.4702
16.6008
16.4096
16.6278
16.5586
16.7172
25.3196
16.6658
17.5447
17.2673
17.392
17.6269
26.5218
27.179
26.4901
30.1689
28.2111
27.6214
39.3847
33.4128
31.5405
28.4707
26.1045
21.984
21.7184
21.1661
20.7573
19.94
19.1237
22.7017
21.5928
19.8533
19.5584
18.9961
18.9093
18.4484
18.6896
25.9334
22.2978
26.917
20.7866
18.7796
20.1524
19.0037
18.4173
19.7589
20.8592
20.217
19.2289
19.2581
19.8419
19.5981
19.8177
19.4237
20.39
20.6645
30.3499
30.2889
29.4433
30.17
29.0524
27.2854
22.0288
23.149
27.4994
26.9803
25.0447
21.4793
21.482
20.5957
21.3264
20.3202
19.9195
19.0011
18.4352
18.0081
21.3329
18.5141
18.7991
18.2399
18.8846
19.0484
17.9956
17.9245
18.6159
18.3009
28.0571
19.3804
19.1092
20.6766
19.7484
19.5386
19.5402
20.1257
22.3829
23.3875
24.9556
23.9041
22.8304
22.7208
22.7269
33.5517
32.0245
30.7757
30.6964
31.437
30.2968
28.6202
24.3368
25.3571
34.285
36.4676
32.3048
30.6598
29.7146
27.9693
24.9087
24.7039
23.2367
28.5126
29.0831
27.8835
27.3578
27.0173
24.9485
30.6529
22.7695
22.4844
21.617
30.6618
22.3688
21.4622
20.6945
19.7381
19.9896
21.9853
26.5561
26.5089
33.486
32.9472
31.8
30.4596
36.1747
32.0287
31.5937
29.7396
26.0305
22.4737
28.955
28.8491
27.8887
26.2496
24.7057
22.9734
21.7137
20.9254
20.8498
20.7616
19.4835
19.2793
19.7399
19.5994
19.7821
19.8466
19.8803
20.8099
20.0821
20.7973
20.4375
20.2189
20.044
20.1904
20.0765
20.0113
19.737
20.0726
23.8203
29.8133
27.1712
28.6277
31.2933
30.6538
36.6774
29.2131
27.4105
26.5277
35.0869
28.2225
29.6569
23.0878
21.643
25.2287
33.2597
31.3467
29.1495
27.1991
24.4623
21.2421
20.6709
19.6317
19.164
23.0581
29.2059
27.6487
26.4804
23.3445
22.4139
21.1213
19.8199
20.7953
29.2103
23.2545
25.3538
21.0662
20.713
20.5376
20.4843
29.1739
24.8702
32.7705
32.8182
31.7854
31.1627
29.8117
28.575
25.5962
26.0417
29.8447
29.2168
27.3499
24.6632
24.9654
25.4911
32.8071
30.865
27.5382
28.2955
26.1281
37.2033
30.2388
29.0234
27.8308
26.8667
26.5082
24.9398
23.7613
23.4213
23.6892
23.1597
32.1061
23.2989
24.1052
23.477
22.7117
22.3741
29.0548
32.3677
32.4241
31.4353
29.8902
27.7299
25.6326
25.2361
24.2188
24.0129
29.2785
28.5007
26.7674
22.9484
24.6136
26.3113
40.9687
36.6321
33.9407
30.9503
28.1494
24.9742
23.6729
22.3712
22.3668
23.0777
24.2037
22.9435
22.0427
22.5334
22.3332
23.6185
25.1623
31.4198
25.74
29.5473
23.2937
27.7524
41.0401
35.3256
33.56
32.3207
37.6824
29.7074
28.3505
26.7326
26.811
31.8621
31.1232
29.0868
26.5205
24.8734
24.3758
25.2351
30.8197
29.6105
27.2281
25.2746
23.7495
21.1695
21.4842
20.568
20.5698
20.5811
20.5018
20.8402
21.7662
22.3946
22.1549
21.7171
21.6651
24.1747
22.6568
23.1683
30.068
29.1661
35.473
34.618
34.2923
32.5946
30.0222
26.9888
26.2804
25.445
24.2194
23.1527
26.1453
34.1162
31.4369
26.732
32.7823
29.9365
27.002
33.6446
43.2735
36.8979
35.3445
31.7277
27.6113
27.4192
28.3771
33.5051
27.5707
26.8629
26.6128
25.4867
24.9228
24.2121
24.2665
34.8032
35.276
35.1912
40.7469
33.3061
31.4039
31.0147
30.4949
29.1447
28.4372
27.8753
31.3506
33.8149
32.743
31.3333
27.8099
25.1244
24.731
24.7583
31.982
32.5137
29.9019
27.3885
25.138
24.4125
24.2282
24.2755
32.2771
24.3075
25.6715
23.4533
23.0705
22.2966
22.6367
25.8653
38.9897
42.9722
36.8912
36.1949
33.2025
31.5131
30.9215
29.3526
28.8449
30.2711
34.4766
32.8752
35.4784
35.1452
49.2647
39.1913
34.1516
35.5354
40.1727
38.8525
40.1004
32.7587
36.9404
31.8233
30.9966
30.4536
30.4137
28.2784
32.7337
38.4562
39.0586
37.0598
34.0469
32.5664
29.4825
29.5944
28.933
27.4001
27.5471
28.1434
34.0533
28.4981
37.6832
28.7364
27.6121
39.2332
35.9219
46.4989
38.8667
46.4023
40.3641
37.454
35.3365
33.6394
38.6318
36.5509
33.0734
35.4359
39.9095
38.9475
38.2765
42.8363
36.7328
34.4066
33.3368
36.0625
34.436
40.4775
32.8065
33.5113
36.7221
39.1535
31.7373
31.0277
35.7123
28.702
31.7055
35.8347
40.6372
38.3218
36.0197
34.0933
38.8916
31.8775
31.1747
33.0745
38.2056
45.0581
40.6123
38.7322
36.6824
36.4346
37.8365
43.488
39.5596
42.084
41.9051
38.9036
39.5961
36.6637
33.1457
40.6276
37.8337
41.2043
36.0716
38.8473
39.4025
35.0045
31.6977
31.8222
34.0706
32.2087
36.8359
36.6607
35.6824
32.9068
31.2547
32.0896
30.0361
38.679
31.6695
30.136
31.8459
37.4577
40.1374
34.7976
34.6475
38.1863
38.8695
35.9685
33.7735
31.6048
30.5099
28.7952
29.6901
33.8028
41.9763
45.0274
36.7853
41.1152
38.2824
40.8074
39.1226
39.6585
42.0499
41.705
42.6866
45.6088
41.4117
43.4945
41.8841
42.2152
41.2108
37.7868
46.985
40.9551
34.6399
32.1639
31.7504
32.5819
33.4252
49.3805
47.8466
45.3134
44.539
49.6863
46.9494
45.7132
42.4004
41.044
36.0456
32.3549
30.9549
30.2066
36.7777
28.1031
28.3985
31.2684
32.9702
30.9943
29.5035
33.6004
35.0659
32.9472
34.0422
37.7148
34.5766
33.551
33.6161
35.214
40.4217
43.3286
42.4408
42.046
41.5924
40.8666
36.5308
35.7162
40.2862
33.0267
33.6978
33.1252
31.4549
41.1114
32.2202
31.2884
31.8286
31.1454
30.4518
38.8813
44.8475
40.301
32.2116
30.9111
29.9077
29.266
29.4237
28.9048
29.2308
30.1038
28.8849
46.0182
45.3259
42.9245
42.0487
35.7809
32.742
31.4316
31.0047
31.4582
31.3073
30.2564
29.9784
30.1003
38.0768
31.0016
35.7202
28.7653
28.4415
28.3661
28.8817
36.623
33.6681
30.472
27.4986
27.3232
28.2113
27.609
27.9261
27.7322
26.5676
27.6209
36.7118
44.0006
44.2839
41.3899
37.1738
37.0564
34.0097
31.2456
30.7697
30.9613
30.3662
29.4734
29.0774
36.867
30.0258
30.4858
29.9736
28.9937
36.6332
38.4909
32.7983
39.8118
35.8999
33.3685
32.6756
31.355
31.4262
30.2968
38.9794
37.6809
40.2773
38.6002
47.9501
41.4825
36.038
33.7598
32.5748
32.2643
32.0309
33.1655
33.4757
30.8399
30.5085
33.5341
40.878
32.5516
32.5127
32.5293
31.6823
31.9139
34.1719
40.9566
32.8536
32.1871
31.5661
31.2593
29.2161
28.4842
29.9828
37.9207
38.9998
44.1782
43.7402
45.8938
36.847
34.348
32.413
33.8527
32.1514
32.7732
29.9398
29.1828
28.7423
29.7815
39.2625
31.2132
36.0997
30.2354
30.0933
29.4134
30.6024
36.5891
33.4221
33.4063
32.7264
33.2929
29.874
29.461
35.879
40.7669
40.1845
39.5322
38.505
42.7432
49.8042
42.262
40.2631
37.7361
36.6237
35.0029
33.3555
32.7781
34.0261
38.676
39.4624
38.1976
39.0433
39.8371
41.9756
42.1543
40.51
38.6459
39.2461
39.1212
42.8043
44.0346
43.0562
43.1577
49.5721
46.0344
46.788
45.8733
44.0234
45.6443
38.0049
36.5095
34.2145
34.0319
33.2021
33.3107
41.2785
38.1278
33.4536
42.0534
40.1281
43.6119
35.0675
34.2481
35.9424
41.7245
43.7029
42.7074
39.4221
37.4143
34.7063
37.6259
38.9298
36.6163
36.3941
34.0802
32.7839
30.9252
30.6868
32.3465
34.4876
33.4126
33.2403
30.9417
30.4908
30.4092
31.9024
31.2841
30.4632
35.1489
38.8757
35.4389
35.8014
33.5102
41.6578
41.6024
41.5203
40.5672
37.897
38.6892
40.607
43.4101
41.5417
37.0796
33.8768
31.7223
46.035
37.2995
34.8968
34.714
33.0249
32.5278
31.1104
38.5078
30.5932
37.771
32.1266
38.3427
39.4124
35.4731
39.5209
40.7669
40.787
38.166
37.1787
35.0461
33.8207
32.9922
32.0823
32.1102
49.2403
41.5678
37.1833
35.5397
35.0239
33.9463
34.6094
34.2891
34.2703
33.2382
33.9434
33.8708
32.8233
41.0353
33.7167
35.6192
39.9115
38.037
41.93
42.0716
40.695
37.2636
35.1856
33.4971
33.646
33.8955
37.6572
39.4714
50.9133
46.961
40.6329
36.9339
36.7102
37.1119
35.7011
33.8797
32.4888
39.0213
32.3516
31.753
32.9048
40.5729
32.771
40.611
49.0143
43.2702
43.7236
42.0215
40.7317
41.76
44.8254
38.2051
37.2809
44.111
37.1527
35.7436
36.9413
37.0853
35.5664
35.299
42.1038
36.0384
35.224
35.1697
34.9345
40.525
32.9588
33.3101
31.3868
42.0272
45.2016
45.3224
45.0528
41.9744
41.0728
44.6817
36.5933
42.329
35.8492
34.4264
38.9691
43.8295
52.6879
44.6866
47.0472
39.4993
46.6787
39.6145
36.2815
36.0623
37.5574
36.6569
35.9071
35.1197
36.7267
47.0772
46.0284
45.8458
43.3845
38.8286
36.1322
35.3781
34.6905
34.2622
35.0627
35.1957
33.3104
35.4715
41.3432
45.5016
45.809
40.9182
37.7951
36.711
35.9206
34.8634
36.0218
36.1616
35.0607
34.1692
34.6437
49.341
48.8033
46.0975
43.5023
42.3798
40.1297
39.3269
37.9645
39.0723
37.8571
39.7502
39.7389
42.0311
44.1672
52.0109
44.3616
41.6885
39.9522
39.4123
41.3005
48.7686
41.4192
38.9865
38.5659
42.4255
52.4956
49.9649
42.2069
40.5127
38.2351
36.6847
36.3263
35.4573
44.9413
40.5876
42.7082
36.1143
35.3594
49.4766
47.4334
44.8047
42.4824
