NVIDIA RTX A2000 12GB, Driver version: 550.120.0.0
2.89574
2.00977
2.00086
2.00174
2.00779
2.00123
2.07103
2.00754
2.10031
2.00915
1.99964
2.00473
2.01148
2.00773
1.9883
1.95992
2.06441
1.96136
1.9615
1.96389
1.96037
1.95855
1.95771
1.9641
2.06435
1.96453
1.96671
1.99289
1.96155
1.96458
1.96255
1.95991
2.06812
1.96582
1.96908
1.96267
1.965
1.96267
1.96053
1.96957
2.06464
1.96537
1.97114
1.96882
1.9655
1.96512
1.96339
1.96927
2.0697
1.96899
1.99125
1.96371
1.96377
1.96256
1.9635
1.98535
1.97202
1.97856
1.97391
1.97159
1.99402
1.96472
1.97069
1.97546
1.48581
1.47292
1.47152
1.46488
1.47588
1.46664
1.46703
1.46544
1.46371
1.5183
1.46469
1.46569
1.46354
1.47689
1.46848
1.47854
1.47242
1.47269
1.47053
1.47593
1.44527
1.43727
1.43305
1.43441
1.42711
1.43422
1.43833
1.42941
1.43692
1.42928
1.42933
1.42988
1.42782
1.4313
1.42535
1.42805
1.4253
1.42774
1.46716
1.42672
1.43626
1.42726
1.43226
1.43022
1.4322
1.42857
1.42698
1.43254
1.42695
1.43357
1.42857
1.42672
1.43491
1.42871
1.42938
1.42856
1.43482
1.43743
1.44076
1.42989
1.43234
1.43609
1.43661
1.44303
1.43931
1.42886
1.42715
1.43222
1.42672
1.42756
1.42927
1.42268
1.43076
1.42257
1.43359
1.42494
1.42407
1.43291
1.42623
1.42627
1.43194
1.43491
1.42943
1.47043
1.43669
1.43314
1.43354
1.43138
1.4357
1.4356
1.4371
1.43409
1.43521
1.43394
1.42751
1.43286
1.42833
1.43332
1.42744
1.42497
1.4332
1.42627
1.43711
1.42537
1.61541
1.48178
1.43544
1.42558
1.43925
1.43396
1.42917
1.44272
1.43013
1.4364
1.42771
1.43236
1.43182
1.42783
1.44156
1.43002
1.4367
1.44031
1.43845
1.43417
1.44289
1.43016
1.43833
1.43867
1.4274
1.43721
1.43042
1.43231
1.42993
1.42952
1.44043
1.42667
1.43846
1.43789
1.43764
1.43402
1.43458
1.44031
1.42823
1.43312
1.43447
1.43853
1.4315
1.43499
1.43235
1.42953
1.44104
1.43068
1.43773
1.43454
1.4538
1.43453
1.43416
1.44064
1.43552
1.44211
1.43914
1.43476
1.4362
1.43197
1.43821
1.42826
1.43174
1.43824
1.4438
1.43273
1.43509
1.43551
1.47778
1.43154
1.44113
1.43892
1.42905
1.44062
1.43443
1.44558
1.44688
1.44324
1.45231
1.44708
1.44718
1.43551
1.44156
1.43792
2.4144
1.43874
1.44589
1.44317
1.43625
1.44572
1.43532
1.44225
1.43332
1.42968
1.4278
1.42569
1.43083
1.4258
1.43548
1.42607
1.42566
1.42711
1.42934
1.43343
1.4452
1.43294
1.44178
1.43639
1.43424
1.43375
1.44522
1.43155
1.47319
1.43181
1.44355
1.43127
1.43053
1.43447
1.43249
1.45199
1.43397
1.43745
1.42986
1.43034
1.43477
1.43062
1.44085
1.43049
1.45697
1.43732
1.44879
1.43621
1.44584
1.43786
1.44317
1.45309
1.44494
1.44825
1.44048
1.44811
1.44126
1.44397
1.44394
1.43655
1.44493
1.43708
1.44204
1.43471
1.44482
1.44268
1.45497
1.45044
1.44671
1.44199
1.43944
1.43891
1.47863
1.4715
2.01349
1.43519
1.44315
1.43205
1.43785
1.45842
1.44891
1.46685
1.52912
1.51496
1.50207
1.50965
1.50705
1.50611
1.50269
1.50389
1.50349
1.50645
1.5057
1.49966
1.50421
1.49651
1.50077
1.51593
1.49379
1.50591
1.49882
1.50139
1.51066
1.50179
1.51684
1.49899
1.50784
1.49802
1.5141
1.51234
1.50777
1.51206
1.53363
1.50654
2.09598
1.85299
1.86122
1.80755
1.76994
1.66814
1.62367
1.54043
1.5167
1.62821
1.81362
1.83641
1.8316
1.81644
1.75066
1.63877
1.59775
1.50656
1.5635
1.49034
1.50598
1.48798
1.52105
1.48629
1.50785
1.48503
1.53597
1.48687
1.50502
1.49075
1.52808
1.48901
1.51177
1.48476
1.54662
1.48812
1.50983
1.49423
1.52548
1.48933
1.51101
1.49076
1.54385
1.49025
1.49935
1.49097
1.52063
1.49576
1.50533
1.49305
1.53978
1.51175
1.51076
1.50993
1.52905
1.50606
1.50774
1.50682
1.53062
1.51585
1.50535
1.50402
1.51188
1.49476
1.44715
1.44978
1.46046
1.44344
1.44886
1.44056
1.45325
1.4415
1.46058
1.44805
1.4528
1.44113
1.45267
1.44168
1.45037
1.44499
1.44618
1.45134
1.44336
1.45407
1.43835
1.45202
1.44603
1.43643
1.44379
1.45804
1.46898
1.44028
1.44489
1.43342
1.4448
1.43167
1.43556
1.44871
1.44603
1.45706
1.45203
1.45379
1.43839
1.45271
1.44807
1.45945
1.45601
1.46018
1.46138
1.4438
1.44203
1.43754
1.44258
1.43322
1.45124
1.45021
1.46205
1.47186
1.46628
1.47111
1.46681
1.47569
1.46772
1.48089
1.4638
1.47484
1.45558
1.52184
1.68138
1.7852
1.80781
1.78318
1.94524
1.79439
1.77184
1.76527
1.81224
1.90573
1.76083
1.75334
1.75387
1.72088
2.66372
1.51337
1.4606
1.44027
1.46259
1.45318
1.45331
1.46694
1.44726
1.46449
1.45631
1.45265
1.4552
1.45151
1.45635
1.44532
1.46118
1.4454
1.46538
1.45839
1.47643
1.4645
1.46597
1.46414
1.46693
1.57921
1.50993
1.46259
1.46502
1.45884
1.44646
1.46121
1.4582
1.46361
1.45545
1.59907
1.46738
1.48283
1.47169
1.48162
1.4665
1.52045
1.47691
1.48234
1.47383
1.4853
1.47405
1.47836
1.46792
1.47183
1.45489
1.46338
1.46612
1.4506
1.46747
1.45774
1.46246
1.44872
1.58548
1.46911
1.4742
1.45888
1.79356
1.50598
1.50384
1.50958
1.53226
1.52428
1.49267
1.53459
1.47572
1.48978
1.48258
1.48868
1.47833
1.48847
1.47362
1.48751
1.46117
1.43524
1.45134
1.43869
1.44198
1.43815
1.45482
1.45125
1.45898
1.45279
1.45529
1.44076
1.44782
1.45828
1.44398
1.45539
1.44277
1.45108
1.4449
1.44489
1.43419
1.43174
1.45205
1.43819
1.45271
1.43747
1.91041
1.73012
1.52356
1.50766
1.50502
1.50554
1.50502
1.51486
1.51824
1.51834
1.51547
1.51848
1.51953
1.50641
1.51648
1.4877
1.51259
1.49974
1.50987
1.51074
1.52226
1.50217
1.51248
1.49849
1.52254
1.49617
1.52336
1.50821
1.54067
1.50273
1.5959
1.6914
1.9317
1.88881
1.66058
1.52653
1.49867
1.49445
1.50138
1.52634
1.58391
1.68259
1.77259
1.76251
1.81634
1.96369
1.80408
1.88373
1.88335
1.93004
1.77861
1.77926
1.79437
1.76744
1.69124
1.60606
1.54133
1.51119
1.71889
1.71648
1.50369
1.49633
1.50168
1.50747
1.48551
1.48706
1.4842
1.47609
1.48521
1.48093
1.4959
1.49201
1.48635
1.48697
1.48532
1.48573
1.50497
1.48795
1.48391
1.48725
1.49934
1.49826
1.49712
1.49343
1.49997
1.49049
1.49579
1.48731
1.503
1.48621
1.50787
1.49795
1.50815
1.49593
1.48885
1.48178
1.49408
1.48841
1.49627
1.48437
1.49692
1.46487
1.49454
1.43785
1.45435
1.47124
1.44194
1.43545
1.48849
1.48314
1.48315
1.49029
1.4819
1.46483
1.48785
1.49709
1.48838
1.46027
1.44713
1.47974
1.48232
1.44256
1.49285
1.46194
1.45251
1.44208
1.45175
1.44218
1.43984
1.44359
1.44175
1.44564
1.44573
1.43198
1.44316
1.43781
1.44449
1.44138
1.43974
1.4436
1.45411
1.45575
1.44229
1.45081
1.46606
1.4445
1.45428
1.4517
1.4538
1.44734
1.4523
1.43941
2.48149
1.49006
1.49513
1.49578
1.50733
1.49895
1.49592
1.48807
1.50502
1.48905
1.49805
1.49988
1.49771
1.49666
1.49329
1.48631
1.50242
1.48773
1.49645
1.47956
1.49402
1.49215
1.4965
1.49889
1.51538
1.50762
1.51098
1.46903
1.4871
1.46158
1.4425
1.44734
1.44057
1.45347
1.46991
1.48079
1.45665
1.45539
1.45524
1.45449
1.44755
1.45199
1.45241
1.44052
1.4529
1.45592
1.4725
1.44418
1.48092
1.45805
1.45145
1.44387
1.45749
1.44897
1.44742
1.44446
1.44992
1.45507
1.45604
1.46543
1.45435
1.45284
1.45074
1.46771
1.45704
1.45416
1.45513
1.44848
1.4539
1.44231
1.43863
1.43774
1.44056
1.43271
1.43253
1.43943
1.42969
1.44101
1.42846
1.43894
1.43125
1.42497
1.43539
1.43522
1.44113
1.43463
1.4449
1.44007
1.44389
1.44203
1.43286
1.43911
1.43417
1.44165
1.43123
1.43832
1.43646
1.43808
1.44915
1.44365
1.4453
1.4414
1.44399
1.43811
1.44399
1.43672
1.43483
1.42826
1.43575
1.43187
1.43455
1.47496
1.45154
1.43601
1.44385
1.42796
1.44242
1.44061
1.43216
1.42617
1.44204
1.44092
1.44385
1.44373
1.44152
1.4433
1.43761
1.44558
1.44783
1.44924
1.44457
1.44394
1.46191
1.44628
1.4437
1.43443
1.43902
1.43808
1.44643
1.4349
1.43151
1.4316
1.42727
1.43288
1.43709
1.4385
1.43694
1.44249
1.45073
1.4416
1.44763
1.44475
1.44801
1.43808
1.43901
1.44074
1.4441
1.44123
1.43379
1.43948
1.43804
1.44223
1.44767
1.4416
1.44496
1.44844
1.44954
1.44863
1.44775
1.44212
1.44383
1.43546
1.44544
1.44405
1.44697
1.43634
1.43912
1.43935
1.43359
1.42982
1.43173
1.43551
1.42924
1.43345
1.43765
1.43629
1.4455
1.43963
1.44718
1.43406
1.44118
1.43229
1.44002
1.43937
1.43486
1.43876
1.45028
1.45281
1.44251
1.44443
1.44137
1.44837
1.45255
1.43694
1.44708
1.43696
1.50629
1.4353
1.44172
1.60411
1.58034
1.48386
1.44061
1.44288
1.44611
1.44814
1.45034
1.44253
1.45301
1.44975
1.44898
1.45769
1.44189
1.44952
1.44419
1.44426
1.44162
1.44065
1.44395
1.44492
1.45127
1.44234
1.44807
1.44145
1.43872
1.43422
1.43587
1.43868
1.43719
1.44129
1.4318
1.43821
1.43231
1.43373
1.48808
1.45454
1.4396
1.43753
1.44024
1.44146
1.44796
1.43968
1.43747
1.43614
1.43981
1.45217
2.47291
1.44305
1.44493
1.45798
1.46913
1.44882
1.4575
1.45679
1.46026
1.46156
1.46735
1.45839
1.45578
1.45091
1.45417
1.44787
1.45195
1.4462
1.44202
1.45261
1.44938
1.44989
1.44975
1.44714
1.44845
1.46236
1.45455
1.46761
1.4612
1.46668
1.45296
1.45554
1.46108
1.45033
1.46247
1.44949
1.46933
1.45376
1.46118
1.44976
1.45511
1.45275
1.45816
1.45769
1.4587
1.45232
1.44851
1.462
1.45141
1.45673
1.46057
1.46182
1.46201
1.45797
1.4543
1.45497
1.46213
1.45562
1.46992
1.48677
1.4724
1.46196
1.47332
1.4663
1.47833
1.46898
1.47889
1.46983
1.48312
1.4562
1.46258
1.46271
1.44529
1.46327
1.45904
1.4559
1.4514
1.45596
1.44806
1.4476
1.4404
1.43651
1.44344
1.44377
1.44606
1.43964
1.44337
1.44257
1.44757
1.44599
1.45012
1.45188
1.44975
1.45185
1.45131
1.45226
1.45551
1.44749
1.44295
1.45203
1.44904
1.44401
1.44788
1.44133
1.44797
1.44887
1.45158
1.43645
1.44366
1.44748
1.44322
1.44903
1.44622
1.45431
1.48207
1.44791
1.44482
1.4432
1.44155
1.47455
1.44975
1.44321
1.45738
1.44471
1.44613
1.44188
1.44913
1.44745
1.45113
1.44472
1.44819
1.4453
1.44999
1.45217
1.45028
1.45497
1.45084
1.45914
1.45565
1.45312
1.45249
1.45084
1.45675
1.45088
1.4494
1.45106
1.45285
1.45225
1.45851
1.4549
1.44761
1.45158
1.45254
1.45861
1.45882
1.46575
1.4589
1.4659
1.45658
1.46628
1.45809
1.45507
1.46955
1.46016
1.46762
1.46367
1.46043
1.46652
1.46879
1.46137
1.46196
1.45783
1.46572
1.46478
1.46277
1.46179
1.475
1.46566
1.45752
1.45847
1.4515
1.45228
1.4575
1.45507
1.45133
1.45751
1.45128
1.45817
1.45344
1.45111
1.45155
1.4527
1.45629
1.47259
1.48963
1.48169
1.47498
1.47077
1.4715
1.46145
1.47278
1.46969
1.47207
1.46744
1.46922
1.46677
1.4719
1.4599
1.46433
1.46928
1.46591
1.47496
1.47587
1.46801
1.46878
1.46811
1.46623
1.47033
1.47763
1.48076
1.47528
1.47203
1.46629
1.46483
1.46244
1.46052
1.47549
1.474
1.48421
1.47797
1.47423
1.47523
1.48104
1.47932
1.47646
1.47101
1.47569
1.53835
1.4742
1.48254
1.47636
1.47825
1.48151
1.47123
1.47863
1.46846
1.4691
1.46708
1.46423
1.47675
1.4624
1.47536
1.46352
1.47588
1.47149
1.4803
2.49774
1.47363
1.47006
1.47905
2.08543
1.88756
1.88316
1.87783
1.88054
1.88623
1.88389
1.88193
1.88688
1.88772
1.88406
2.34232
1.89296
1.88586
1.8861
1.89616
1.88793
1.88527
1.89313
1.89066
1.8891
1.89165
1.88894
1.89142
1.88976
1.88349
1.89055
1.88759
1.88346
1.88861
1.90149
1.89288
1.89773
1.89499
1.89196
1.88803
1.89781
1.90331
1.88771
1.88996
1.89282
1.90461
1.89428
1.89889
1.88984
1.89713
1.89075
1.89618
1.89968
1.89131
1.90718
1.89165
1.90159
1.89186
1.89267
1.90086
1.89975
1.8947
1.89291
1.93888
1.91688
1.89616
1.90246
1.89867
1.48192
1.47319
1.47184
1.46906
1.47503
1.47503
1.48155
1.47388
1.48154
1.4842
1.48814
1.47738
1.49433
1.48078
1.48878
1.48209
1.48565
1.47942
1.48497
1.6457
1.68614
1.56219
1.51254
1.49808
1.48273
1.4901
1.4836
1.48672
1.47697
1.47505
1.47189
1.47335
1.47829
1.47564
1.47465
1.46621
1.47706
1.47437
1.47733
1.46844
1.47807
1.47653
1.47633
1.47829
1.48345
1.4717
1.47652
1.47859
1.48137
1.47209
1.4712
1.481
1.48038
1.47901
1.47987
1.4786
1.47325
1.4773
1.47612
1.47932
1.47367
1.47988
1.47408
1.48929
1.49747
1.49432
1.48335
1.48817
1.48819
1.52536
1.49455
1.48303
1.49442
1.48941
1.48686
1.48703
1.48478
1.48738
1.485
1.48621
1.48423
1.48863
1.49184
1.49209
1.49027
1.48193
1.48257
1.48009
1.49524
1.47597
1.49681
1.48066
1.48299
1.48432
1.49687
1.49165
1.49965
1.49372
1.49872
1.492
1.49043
1.49093
1.48591
1.47683
1.48791
1.48276
1.48453
1.48409
1.49364
1.50079
1.4877
1.48312
1.52965
1.48421
1.48203
1.47811
1.48825
1.48231
1.49957
1.49109
1.49727
1.48947
1.49145
1.48504
1.48997
1.48287
1.49299
1.48323
1.48779
1.47574
1.47793
1.4707
1.47978
1.47715
1.47749
1.48204
1.47902
1.47788
1.48315
1.48298
1.47503
1.48071
1.47877
1.48584
1.48524
1.48391
1.48735
1.4903
1.47964
1.48419
1.47521
1.48445
1.48492
1.48901
1.48403
1.48207
1.55385
1.48999
1.489
1.49719
1.49293
1.49291
1.4905
1.49933
1.48567
1.49673
1.5223
1.48846
1.47929
1.48479
1.4837
1.48843
1.48057
1.48077
1.48304
1.48262
1.48575
1.47688
1.48707
1.48073
1.48813
1.48543
1.49492
1.48442
1.48985
1.48863
1.49196
1.48725
2.51849
1.47768
1.48292
1.48167
1.49726
1.49181
1.49022
1.48518
1.48812
1.48771
1.49296
1.49255
1.49345
1.48928
1.48929
1.48864
1.49264
1.48196
1.48935
1.4865
1.49856
1.50397
1.53527
1.49311
1.49983
1.48331
1.49547
1.48649
1.49528
1.49305
1.49718
1.48926
1.4917
1.48865
1.492
1.49799
1.50265
1.48883
1.49981
1.48923
1.50366
1.49464
1.49122
1.48085
1.49028
1.48343
1.49246
1.48964
1.49425
1.48984
1.49308
1.49198
1.50115
1.48165
1.48727
1.48877
1.49252
1.4941
1.49448
1.50075
1.50051
1.49754
1.4997
1.54661
1.51069
1.49101
1.4957
1.49104
1.48934
1.48169
1.47762
1.48452
1.47935
1.47999
1.48256
1.47751
1.48771
1.48574
1.48595
1.48586
1.4763
1.47387
1.47374
1.48184
1.49198
1.49055
1.49219
1.49342
1.48779
1.47745
1.47797
1.48401
1.48348
1.48318
1.48263
1.48291
1.48002
1.48168
1.48552
1.48366
1.48192
1.478
1.48969
1.48653
1.48811
1.49357
1.51929
1.48838
1.48239
1.48082
1.49761
1.4883
1.49937
1.48681
1.49219
1.48372
1.48961
1.47476
1.48496
1.47577
1.48348
1.48188
1.49199
1.48581
1.48834
1.47642
1.48355
1.48389
1.49002
1.47689
1.48816
1.4783
1.50218
1.49345
1.50017
1.49694
1.50835
1.4939
1.5008
1.49303
1.50655
1.49774
1.50248
1.49296
1.49432
1.49023
1.49208
1.4911
1.54195
1.53726
1.52032
1.49867
1.50441
1.50785
1.51604
1.49887
1.52124
1.50454
1.51049
1.50593
1.51653
1.50472
1.49905
1.49919
1.50756
1.49669
1.50245
1.49527
1.49851
1.50292
1.50997
1.49869
1.51431
1.51605
1.51259
1.49435
1.50433
1.49273
1.49741
1.4908
1.50229
1.48298
1.4998
1.48676
1.49458
1.49043
1.4927
1.49458
1.49796
1.48727
1.48519
1.48779
1.49575
1.48909
1.49935
1.47911
1.49424
1.48075
1.4825
1.47605
1.48829
1.48273
1.48424
1.47953
1.4825
1.47316
1.48201
1.48234
1.48483
1.47054
1.47528
1.47989
1.48335
1.48682
1.48676
1.48621
1.48198
1.48436
1.48818
1.49007
1.49046
1.50041
1.4931
1.49999
1.49351
1.48945
1.47732
1.48785
1.48743
1.48041
1.48165
1.4877
1.47781
1.83445
1.50498
1.51801
1.49143
1.4886
1.50112
1.48937
1.48337
1.48262
1.48515
1.4901
1.47846
1.48515
1.47511
1.47778
1.47643
1.47981
1.47841
1.47527
1.47572
1.47903
1.53816
1.47655
2.50818
1.48137
1.47981
1.48239
1.49971
1.49337
1.47714
1.48879
1.48151
1.48575
1.48184
1.48119
1.48039
1.48942
1.48195
1.48463
1.49336
1.48905
1.48727
1.48951
1.5528
1.63282
1.51569
1.50023
1.49842
1.50086
1.49508
1.50061
1.5054
1.50889
1.50454
1.50086
1.49886
1.50064
1.50272
1.51074
1.5068
1.50433
1.49903
1.50599
1.49849
1.50205
1.50397
1.50403
1.49989
1.49774
1.49414
1.49274
1.48782
1.50169
1.49282
1.49731
1.48931
1.49242
1.48094
1.49082
1.48503
1.49114
1.4889
1.48754
1.49085
1.48569
1.48337
1.49368
1.48855
1.49845
1.48979
1.49311
1.4801
1.48215
1.48521
1.48929
1.4865
1.48453
1.48921
1.48053
1.48002
1.49194
1.48966
1.47943
1.48706
1.48495
1.48017
1.48158
1.48943
1.47755
1.48901
1.48398
1.48534
1.47973
1.47988
1.48295
1.49423
1.48584
1.48995
1.48331
1.49079
1.48485
1.48648
1.48862
1.49314
1.48136
1.49225
1.47862
1.4865
1.48503
1.51778
1.50422
1.49275
1.48267
1.49324
1.4809
1.48113
1.47877
1.49015
1.48373
1.49023
1.47402
1.48312
1.48007
1.48115
1.4791
1.48024
1.47829
1.47617
1.47509
1.47574
1.48391
1.48178
1.48713
1.47793
1.48012
1.48587
1.48462
1.48247
1.47976
1.48248
1.49035
1.48386
1.48621
1.48843
1.48609
1.48195
1.48923
1.48626
1.48481
1.47508
1.48163
1.49442
1.50852
1.54178
1.49002
1.48439
1.47567
1.48307
1.48642
1.49876
1.49377
1.49054
1.48343
1.48591
1.48571
1.98552
1.49812
1.49202
1.48843
1.48074
1.4906
1.4881
1.48892
1.49428
1.48838
1.49226
1.48853
1.48552
1.48645
1.48212
1.49226
1.48846
1.495
1.48873
1.4916
1.48431
1.49163
1.48335
1.48448
1.48418
1.48436
1.48904
1.48095
1.48364
1.52794
1.88935
1.51324
1.4896
1.48131
1.48063
1.48238
1.47785
1.48148
1.48485
1.48895
1.47914
1.48401
1.48265
1.47884
1.47969
1.48385
1.47908
1.48579
1.47308
1.48085
1.48388
1.48048
1.47936
1.4892
1.48298
1.4763
1.47214
1.47976
1.48115
1.48663
1.48481
1.48176
1.48569
1.48266
1.48215
1.4822
1.49277
1.47794
1.48191
1.4753
1.48953
1.47484
1.49442
1.48124
1.5003
1.47975
1.49673
1.48148
1.48531
1.47364
1.48385
1.49375
1.49211
1.48639
1.48939
1.4841
1.49593
1.48427
1.49963
1.48601
1.49415
1.48629
1.49005
1.48475
2.52762
1.48406
1.48879
1.47963
1.49262
1.47929
1.48754
1.48375
1.48368
1.48704
1.49333
1.47883
1.48767
1.4887
1.48693
1.48902
1.47901
1.4869
1.4793
1.48667
1.49772
1.49166
1.48912
1.49161
1.48905
1.48165
1.485
1.49195
1.49934
1.56306
1.49254
1.49518
1.49447
1.49768
1.48967
1.49219
1.49163
1.48609
1.48812
1.48999
1.49285
1.49033
1.494
1.49673
1.49323
1.50168
1.4916
1.4948
1.49305
1.4995
1.49837
1.50107
1.50528
1.50049
1.50148
1.49584
1.49041
1.49873
1.49551
1.49832
1.50479
1.49861
1.49153
1.49927
1.49752
1.49601
1.50512
1.50303
1.48847
1.49239
1.49485
1.49507
1.49422
1.49249
1.48896
1.49604
1.49055
1.48625
1.49133
1.49332
1.48059
1.48457
1.4741
1.47267
1.47473
1.50003
1.48305
1.48238
1.48118
1.47073
1.47975
1.47733
1.48385
1.48347
1.4903
1.48073
1.48863
1.48604
1.4784
1.48243
1.49041
1.47282
1.48152
1.47188
1.48378
1.4744
1.48711
1.48058
1.48931
1.47999
1.48596
1.47762
1.48973
1.48216
1.49034
1.48693
1.49691
1.48446
1.48507
1.48326
1.48758
1.63294
1.96602
1.48584
1.54159
1.51475
1.48922
1.49901
1.48515
1.49353
1.49079
1.49016
1.49674
1.49636
1.49112
1.49131
1.49889
1.50127
1.49274
1.4989
1.49568
1.50216
1.49799
1.50423
1.48767
1.49659
1.48978
1.48945
1.49514
1.52149
1.50832
1.49616
1.4935
1.48538
1.49494
1.49876
1.49778
1.50592
1.49747
1.49914
1.49611
1.49781
1.49641
1.49056
1.49977
1.4913
1.49351
1.49143
1.48894
1.49354
1.4995
1.49007
1.50107
1.49077
1.49682
1.49562
1.50236
1.49381
1.50167
1.50234
1.51284
1.49257
1.50526
1.49445
1.50628
1.49549
1.49834
1.49466
1.51176
1.50597
1.4975
1.49668
1.73939
1.80203
1.83739
1.82919
1.80141
1.71384
1.64379
1.5746
1.5176
1.49188
1.49288
1.7049
1.80926
1.81553
1.81473
1.78314
1.71254
1.62742
1.55674
1.49242
1.48669
1.4839
1.4901
1.47747
1.49425
1.47579
1.48345
1.47475
1.49246
1.49092
1.47828
1.48226
1.48813
1.48811
1.48412
1.47913
1.48687
1.48171
1.47829
1.47635
1.49039
1.4846
1.48827
1.48516
1.48755
1.4883
1.5202
1.48411
1.48469
1.48595
1.48252
1.49968
1.49258
1.49106
1.48796
1.48919
1.48659
1.49156
1.49322
1.49453
1.49572
1.49434
1.48854
1.48964
2.51912
1.50085
1.48257
1.48384
1.49679
1.49999
1.49183
1.4967
1.49432
1.49315
1.49323
1.49243
1.4913
1.49185
1.49277
1.49707
1.48779
1.49451
1.50529
1.53706
1.49956
1.49087
1.48887
1.49185
1.48904
1.48489
1.48986
1.49191
1.49339
1.49646
1.48858
1.49721
1.4894
1.50123
1.48918
1.49671
1.48948
1.49146
1.48464
1.49276
1.4877
1.49238
1.49054
1.48178
1.4933
1.49221
1.49413
1.49019
1.49427
1.49437
1.49371
1.50224
1.49095
1.49568
1.48975
1.49252
1.49523
1.48931
1.49999
1.49131
1.50866
1.50671
1.49483
1.49286
1.50076
1.49895
1.50235
1.49081
1.50636
1.49552
1.55654
1.48736
1.49057
1.4952
1.49285
1.49237
1.49758
1.4913
1.49334
1.48973
1.49193
1.48947
1.49033
1.48192
1.48392
1.48148
1.4874
1.47957
1.48562
1.48097
1.49038
1.47488
1.48975
1.48133
1.48339
1.48288
1.48447
1.48886
1.48621
1.4788
1.4875
1.47753
1.48142
1.47408
1.48419
1.48568
1.49589
1.4809
1.49429
1.48202
1.49022
1.49052
1.48999
1.4852
1.48676
1.49346
1.48956
1.48614
1.47575
1.48211
1.48116
1.48084
1.47986
1.48456
1.48272
1.49063
1.47564
1.47646
1.70952
1.84092
1.84388
1.84357
1.85791
2.3843
1.88031
1.85867
1.90542
1.85219
1.84773
1.84728
1.85106
1.90447
1.85987
1.84858
1.85223
1.84766
1.84534
1.84964
1.84956
1.84597
1.85262
1.84999
1.85427
1.84844
1.85657
1.85369
1.89131
1.86498
1.84878
1.85614
1.8551
1.85514
1.85527
1.8516
1.85802
1.84761
1.84849
1.83927
1.85411
1.8523
1.8546
1.84253
1.85501
1.84583
1.84891
1.85397
1.8588
1.85869
1.89696
1.84236
1.85335
1.83974
1.85234
1.85543
1.86328
1.85468
1.86283
1.8697
1.8641
1.8643
1.8679
1.8615
1.87227
1.85971
1.86696
1.85705
1.85587
1.85238
1.8501
1.84776
1.85125
1.84168
1.83961
1.84339
1.8477
1.85098
1.86485
1.85608
1.85894
1.84581
1.85141
1.85331
1.85698
1.84641
1.85207
1.85013
1.84142
1.84764
1.84983
1.84563
1.85
1.84357
1.83478
1.84119
1.84312
1.85604
1.84281
1.8443
1.84842
1.83289
1.83665
1.83552
1.84329
1.84015
1.83334
1.83357
1.84215
2.59348
3.58676
1.91294
1.85474
1.85031
1.85528
1.8443
1.85436
1.862
1.86827
1.86
1.85298
1.84933
1.86216
1.85695
1.87543
1.87466
1.85905
1.85283
2.88407
1.85569
1.85692
1.85705
1.86955
1.86969
1.8747
1.86804
1.86559
1.86452
1.8621
1.84962
1.863
1.87115
1.86539
1.86451
1.86292
1.85673
1.85201
1.85417
1.86001
1.85538
1.85649
1.85503
1.8735
3.88967
1.8634
1.85681
1.86455
1.8536
1.8523
1.85631
1.84978
1.85676
1.85986
1.85857
1.8595
1.84891
1.84983
1.84715
1.85194
1.84789
1.85996
1.84965
1.85853
1.85194
1.85201
1.848
1.86203
1.84957
1.85618
1.84899
1.85829
1.85244
1.84927
1.85163
1.86331
1.88946
1.85732
1.8598
1.85248
1.8547
1.85862
1.85234
1.85842
1.85871
1.86253
1.8485
1.85126
1.8509
1.85794
1.84563
1.8542
1.84609
1.83861
1.84253
1.8598
1.85376
1.84974
1.85442
1.85011
1.84425
1.83787
1.84409
1.84663
1.84983
1.8513
1.83959
1.84555
1.84212
1.86613
1.89114
1.87839
1.85643
1.85122
1.84844
1.85066
1.85419
1.84946
1.84677
1.89463
1.84953
1.8332
1.84629
1.84982
1.84249
1.84858
1.85546
1.844
1.84188
1.84749
1.85297
1.84753
1.85033
1.84593
1.84123
1.84589
1.84166
1.84319
1.8438
1.84804
1.84268
1.84872
1.84685
1.85376
1.84821
1.88189
1.84232
1.83823
1.84503
1.84579
1.84714
1.86218
1.8518
1.8575
1.85097
1.85734
1.85659
1.85086
1.84669
1.86104
1.8615
1.85825
1.86631
1.85978
1.85822
1.87227
1.85926
1.87217
1.8535
1.87098
1.86034
1.88016
1.86314
1.86544
1.86184
1.86444
1.86304
1.86259
1.85894
1.86366
1.86928
1.86338
1.85614
1.86896
1.85653
1.86238
1.86189
1.87377
1.87602
1.86558
1.86018
1.86243
1.85501
1.87089
1.85919
1.87077
1.87156
1.86976
1.86358
1.86507
1.85415
1.86398
1.85822
1.85536
1.86021
1.85204
1.85791
1.86758
1.86096
1.85899
1.85665
1.86513
1.86067
1.88058
1.89149
1.86724
1.85539
1.85434
1.84646
1.85088
1.84055
1.85141
1.85108
1.85957
1.85972
1.85832
1.84986
1.84765
1.84887
1.84595
1.85221
1.85196
1.85495
1.84327
1.85189
1.85069
1.83696
1.84896
1.8508
1.84732
1.84319
1.84413
1.85534
1.86052
1.86224
1.84741
1.84781
1.85175
1.87337
1.85113
1.85189
1.85236
1.84343
1.84852
1.83629
1.85338
1.84475
1.85573
1.8492
1.8582
1.84748
1.85393
1.8503
1.85434
1.84289
1.85899
1.84587
1.84429
1.84502
1.84062
1.84049
1.85501
1.84718
1.83835
1.83289
2.86481
1.85007
1.85138
1.84336
1.85471
1.85051
1.84757
1.88053
1.84724
1.84824
1.85509
1.84575
1.85266
1.85753
1.85829
1.85391
1.86116
1.86096
1.85165
1.85563
1.86766
1.86136
1.8569
1.86471
1.86229
1.85817
1.86606
1.86203
1.86314
1.86635
1.85816
1.85943
1.8605
1.86627
1.86271
1.86097
1.85851
1.86012
1.86018
1.86307
1.85951
1.85615
1.86311
1.86371
2.58799
5.27809
2.08762
1.87105
1.86216
1.85741
1.86065
1.85518
1.85424
1.84881
1.84409
1.88989
1.84697
1.83807
1.83821
1.84885
1.85544
1.85105
1.85833
1.84938
1.84404
1.84661
1.84505
1.8484
1.83777
1.83751
1.84085
1.8351
1.83146
1.83634
1.83878
1.83271
1.8387
1.83391
1.83702
1.8393
1.84071
1.84313
1.83283
1.83633
1.83434
1.83224
1.84189
1.83838
1.84472
1.82229
1.84105
1.84326
1.84315
1.8379
1.84093
1.84377
1.84508
1.85501
1.84329
1.84661
1.84543
1.8482
1.83814
1.84389
1.84732
1.83965
1.84663
1.83975
1.84386
1.84323
1.84993
1.84562
1.85923
1.84541
1.85289
1.84884
1.84504
1.84804
1.85102
1.83798
1.8428
1.83196
1.83623
1.83988
1.84813
1.84386
1.84771
1.84152
1.83586
1.8422
1.89142
1.84791
1.86291
1.85078
1.85449
1.84203
1.8494
1.84541
1.85379
1.84349
1.84792
1.84162
1.84509
1.8474
1.8502
1.84277
1.85039
1.85404
1.85454
1.84716
1.84747
1.85714
1.84637
1.8441
1.84446
1.84325
1.86135
1.8511
1.86152
1.85768
1.85474
1.85387
1.84927
1.8579
1.85592
1.85419
1.84452
1.85481
1.84671
1.84251
1.85546
1.8417
1.85903
1.84788
1.85656
1.84972
1.85859
1.86118
1.8569
1.85905
1.85271
1.84898
1.83839
1.84999
1.85537
1.84621
1.84483
1.8511
1.8633
1.84499
1.8552
1.84312
1.85562
1.85474
1.85668
1.85754
1.84813
1.84522
1.84098
1.84609
1.83989
1.83434
1.83338
1.83421
1.84204
1.83771
1.84542
1.84329
1.84219
1.82976
1.83931
1.84217
1.84749
1.83516
1.83935
1.83685
1.84
1.83717
1.84528
1.84221
1.8473
1.83688
1.84543
1.85925
1.85335
1.85061
1.84279
1.83716
1.84394
1.84327
1.84043
1.84676
1.84045
1.84549
1.83603
1.84302
1.85528
1.83858
1.85001
1.84768
1.86124
1.84716
1.85101
1.8493
1.84793
1.84641
1.84165
1.84019
1.84285
1.83384
1.84571
1.84594
1.85797
1.83659
1.845
1.83746
2.87465
1.84572
1.85295
1.84688
1.86335
1.85717
1.8644
1.85975
1.8623
1.85677
1.85658
1.84021
1.85683
1.85849
1.85308
1.85598
1.86161
1.85963
1.85621
1.85171
1.86997
1.85025
1.85466
1.85731
1.88473
1.90327
1.86962
1.85708
1.87715
1.86368
1.87482
1.86948
1.87755
1.87154
1.85813
1.8494
1.8609
1.85574
1.86122
1.86065
1.86552
1.84701
1.85994
1.85581
1.86534
1.8563
1.86606
1.86475
1.85982
1.86241
1.86064
1.86323
4.09179
1.92042
1.86521
1.86124
1.86214
1.85652
1.85011
1.86457
1.87893
1.8636
1.85941
1.85752
1.8642
1.85644
1.86545
1.86127
1.85529
1.8449
1.86053
1.84909
1.84619
1.84864
1.84858
1.83962
1.84488
1.84701
1.83939
1.85546
1.85166
1.8504
1.83888
1.84283
1.84972
1.83761
1.84948
1.84652
1.85064
1.84473
1.85484
1.84888
1.8636
1.88327
1.84627
1.85343
1.84825
1.85387
1.8387
1.84059
1.84807
1.84408
1.84485
1.84909
1.84511
1.83741
1.83973
1.84629
3.63822
3.28558
1.86282
1.9282
1.86636
1.85258
1.85337
1.85941
1.85856
1.85352
1.8497
1.85404
1.84091
1.84599
1.85076
1.8473
1.85091
1.89038
1.86041
1.84435
1.84359
1.85202
1.85064
1.85589
1.86852
1.85495
1.85548
1.85161
1.86148
1.85871
1.86913
1.85057
1.85925
1.85021
1.85724
1.86475
1.87481
1.86344
1.85959
1.86492
1.86256
1.8507
1.8616
1.85481
1.86323
1.85567
1.86097
1.85732
1.84828
1.8525
1.86031
1.86297
1.92491
1.86513
1.86257
1.85528
1.86228
1.85499
1.85524
1.85672
1.86072
1.85812
1.85626
1.853
1.86324
1.85512
1.85819
1.85307
1.86559
1.85895
1.86452
1.86346
1.86484
1.86694
1.85766
1.86277
1.87757
1.86124
1.86942
1.86514
1.87621
1.86949
1.8703
1.85899
1.86532
1.86212
1.91024
1.86459
1.85248
1.85035
1.85547
1.85136
1.84915
1.85528
1.84768
1.84472
1.84868
1.84588
1.85401
1.84594
1.83945
1.84278
1.84282
1.84696
1.84911
1.83682
1.8458
1.84165
1.85173
1.84333
1.84604
1.85152
1.83911
1.84978
1.84964
1.85156
1.8558
1.85144
1.84897
1.84202
1.86143
1.84778
1.84421
1.84123
1.85006
1.83728
1.8487
1.84764
1.85493
1.84478
1.84451
1.84583
1.85053
1.85118
1.85196
1.85591
1.85407
1.8538
1.84217
1.8433
1.85321
1.85394
1.86346
1.86024
1.85871
1.85208
1.84594
1.85437
2.88317
1.86563
1.85895
1.85703
1.88867
1.87318
1.89494
1.87963
1.87757
1.87282
1.87805
1.86819
1.87707
1.86503
1.87428
1.8747
1.86996
1.87095
1.86872
1.86413
1.87277
1.85875
1.85745
1.86176
1.86494
1.86036
1.86841
1.86259
1.86186
1.86173
1.86101
1.85957
1.86572
1.86638
1.8609
1.85442
1.86936
1.84974
1.85999
1.8615
1.86848
1.86254
1.85962
1.85682
1.86795
1.86012
1.86747
1.86955
1.87214
1.87282
1.87021
1.87695
1.86829
1.86875
1.86835
1.86172
1.87611
1.8651
1.86175
1.86973
1.87532
1.86873
1.86901
1.86258
1.87166
1.86925
1.87043
1.89523
1.86959
1.8632
1.87032
1.8631
1.8671
1.85553
1.86924
1.85946
1.86279
1.86392
1.86459
1.85617
1.8505
1.85253
1.85355
1.85489
1.85658
1.85805
1.85244
1.84626
1.84994
1.8428
1.85622
1.85241
1.86241
1.85198
1.85353
1.85297
1.86382
1.85952
1.87131
1.86337
1.87438
1.8581
1.85629
1.86505
1.87184
1.86423
1.86617
1.86777
1.87956
1.8691
1.86594
1.86708
1.87093
1.8607
1.86998
1.86826
1.85629
1.85753
1.86123
1.85805
1.86591
1.86244
1.86546
1.86401
1.87128
1.86513
1.86224
1.86204
1.86161
1.86074
1.86471
1.85346
1.87341
1.86677
1.86791
1.85733
1.85802
1.86358
1.87081
1.85457
1.86509
1.86215
1.86364
1.87997
1.90225
1.86293
1.86232
1.84986
1.86444
1.86096
1.8636
1.85552
1.86306
1.85234
1.8596
1.86821
1.86825
1.8665
1.86177
1.87287
1.87079
1.86251
1.87124
1.87101
1.87809
1.86857
1.87235
1.87311
1.87651
1.86435
1.8776
1.86855
3.77515
3.46378
1.91394
1.93238
1.9047
1.87065
1.87308
1.87461
1.88279
1.87535
1.8668
1.86322
1.88024
1.87371
1.87834
1.88207
1.89203
1.88309
1.95221
1.87092
1.87858
1.87744
1.88761
1.87334
1.88525
1.86469
1.86999
1.86389
1.87022
1.8646
1.86739
1.86221
1.86925
1.86683
1.9123
1.86707
1.86394
1.85133
1.88749
1.87519
1.85723
1.8698
1.86109
1.85396
1.8555
1.85422
1.86346
1.86345
1.86698
1.8568
1.85837
1.85962
1.86127
1.86024
1.86238
1.85991
1.87234
1.85502
1.86224
1.8618
1.86587
1.85972
1.8609
1.8619
1.85697
1.85609
1.84947
1.85902
1.85882
1.8604
1.85667
1.85544
1.85778
1.85766
1.85414
1.85032
1.85734
1.86426
1.8623
1.86056
1.8668
1.86134
1.85695
1.86441
2.88637
1.85999
1.86217
1.85844
1.87883
1.87564
1.87773
1.8665
1.86437
1.86699
1.87177
1.86478
1.87145
1.86571
1.86888
1.87308
1.86382
1.85934
1.86265
1.85996
1.86753
1.86394
1.86334
1.86605
1.85723
1.85747
1.87064
1.87119
1.87318
1.86532
1.87177
1.86795
1.86631
1.86884
1.86638
1.86541
1.87145
1.8652
1.86976
1.85721
1.86438
1.8696
1.86515
1.86906
1.86621
1.85559
1.86627
1.85943
1.86822
1.86367
1.86123
1.86568
1.86841
1.86156
1.85377
1.85906
1.87127
1.86797
1.8702
1.86768
1.87066
1.87449
1.86091
1.85894
1.87329
1.87334
1.87447
1.87025
1.87708
1.85511
1.86653
1.86117
1.86034
1.85926
1.85968
1.84861
3.73024
1.87244
1.85536
1.86136
1.85369
1.851
1.8495
1.83603
1.84779
1.85272
1.8658
1.86598
1.86192
1.85602
1.85405
1.8645
1.85848
1.85295
1.86063
1.86364
1.85605
1.8515
1.85566
1.85869
1.86214
1.86625
1.86036
1.86139
1.86056
1.85364
1.85435
1.85316
1.86416
1.85647
1.85554
1.84553
1.85161
1.85989
1.85998
1.85593
1.86859
1.8546
1.84969
1.8556
1.86374
1.85343
1.86862
1.86076
1.89516
1.8735
1.85885
1.8629
1.87747
1.86969
1.86932
1.86609
1.8739
1.8762
1.88872
1.87297
1.87259
1.87266
1.87668
1.86636
1.87544
1.86851
1.87481
1.87026
1.86822
1.86482
1.86976
1.87178
1.87226
1.86444
1.86067
1.86669
1.86684
1.85759
1.86239
1.8667
1.86225
1.85997
1.90778
1.91066
1.86901
1.86544
1.87312
1.86239
1.86196
1.87386
1.86616
1.86719
1.86986
1.86477
1.8698
1.8593
1.86224
1.85944
1.86663
1.86724
1.87375
1.87279
1.86788
1.86477
1.86655
1.85936
1.86477
1.87729
1.87513
1.87499
1.88193
1.87103
1.8827
1.87953
1.87971
1.87729
1.88746
1.88932
1.88939
1.87999
1.87735
1.86917
1.87817
1.87137
1.87233
1.87485
1.87485
1.86164
1.86145
1.86178
1.86697
1.87032
1.86698
1.86461
1.86923
1.85125
1.86462
1.86351
1.86841
1.86932
1.87768
1.8552
1.88217
1.89957
1.94226
1.86407
1.85591
1.84474
1.85674
1.84832
1.85294
1.88433
1.86641
1.85661
1.86295
1.85229
1.86041
1.85437
3.33363
3.25446
1.87589
1.90593
1.86086
1.8497
1.84208
1.84399
1.85888
1.85258
1.87177
1.85868
1.85469
1.84489
1.84121
1.85422
1.85491
1.84955
1.85374
1.8542
1.84576
1.84232
2.87179
1.85496
1.85985
1.84925
1.86109
1.85308
1.86165
1.85131
1.85613
1.85898
1.85932
1.85324
1.84626
1.85079
1.85228
1.85529
1.8539
1.8406
1.84897
1.84231
1.84919
1.84952
1.84653
1.85683
1.85777
1.84672
1.84851
1.8568
1.85074
1.8528
1.85816
1.85766
1.84879
1.85626
1.85094
1.85496
1.86458
1.84793
1.84771
1.84973
1.84286
1.85132
1.85362
1.84475
1.85086
1.84289
1.84534
1.84382
1.84877
1.85336
1.84813
1.85806
1.85964
1.84413
1.85022
1.8519
1.86343
1.85621
1.85772
1.8454
1.85983
1.85621
1.85537
1.86047
1.86783
1.86608
1.86716
1.85288
1.86057
1.85534
1.86105
1.84643
1.87932
1.86007
1.85743
1.85161
1.85333
1.85244
1.84756
1.85275
1.85233
1.83891
1.84463
1.84265
1.84923
1.84072
1.84675
1.83774
1.85475
1.84217
1.85885
1.85276
1.85744
1.85453
1.84997
1.847
1.84897
1.84969
1.84484
1.84713
1.84807
1.83926
1.84877
1.84857
1.8555
1.85198
1.86368
1.8483
1.84123
1.86084
1.86266
1.86546
1.86723
1.86735
1.8541
1.85902
1.86821
1.85506
1.86391
1.85502
1.86071
1.86156
1.85759
1.85182
1.86464
1.85047
1.85744
1.86092
1.86067
1.85499
1.85913
1.85582
1.87462
1.86364
1.87015
1.85913
1.86351
1.87399
1.8708
1.87076
1.86301
1.8712
1.86813
1.87475
1.85878
1.85717
1.86195
1.86395
1.86601
1.86131
1.86596
1.85938
1.87202
1.8556
1.85867
1.86773
1.86324
1.86759
1.86328
1.85859
1.88793
1.863
1.85102
1.86638
1.86766
1.86819
1.87016
1.86885
1.87635
1.87834
1.87514
1.86993
1.87115
1.86236
1.86538
1.89215
1.889
1.86453
1.86073
1.87014
1.87546
1.86264
1.86068
1.85976
1.86874
1.87093
1.86866
1.86399
1.87907
1.8641
1.85351
1.86295
1.86718
1.87684
1.86813
1.86206
1.87492
1.87479
1.87658
1.85703
1.87426
1.8766
1.87974
1.87505
1.8689
1.86099
1.86738
1.8746
1.86681
1.8606
1.86735
1.8717
1.86169
1.86279
1.8689
1.85677
1.86723
1.86704
1.87014
1.87576
1.85998
1.86292
1.8754
1.87954
1.87786
1.88031
1.87346
1.87759
1.88452
1.86989
1.8688
1.90568
1.90388
1.87106
1.87961
1.87418
1.87193
1.85692
1.86821
1.87668
1.86814
1.86718
1.86716
1.87081
1.86587
1.86476
1.86013
1.85527
1.86435
1.86497
1.91294
1.86287
1.86977
1.86718
1.86768
1.86275
2.89236
1.87054
1.8619
1.85681
