NVIDIA RTX A2000 12GB, Driver version: 570.133.7.0
4.89311
3.2152
3.22325
2.99903
2.76232
3.15751
3.4151
3.38439
3.12839
2.92379
2.85123
2.85785
2.90453
2.97933
3.09755
3.04104
3.07798
3.09857
3.19014
3.19972
3.27544
3.39608
3.41315
3.42968
3.47116
3.52143
3.56756
3.63853
3.6124
3.64018
3.73274
3.79674
3.90425
4.09949
3.91381
3.97009
4.00602
4.04216
4.13517
4.14571
4.19006
4.23123
4.25197
4.36908
4.35691
4.38069
4.45871
4.60037
4.58665
4.64028
4.80804
4.744
4.69712
4.75181
4.81164
4.89628
4.87022
4.90568
5.02456
5.01011
5.06082
5.07241
5.10759
5.14462
4.63734
4.67478
4.70135
4.8019
4.88813
4.80309
4.8931
4.84901
6.24517
4.94402
5.01074
5.07441
5.03836
5.07424
5.09365
5.1287
5.26495
5.16633
5.20341
5.2406
5.2501
5.29418
5.36197
5.5301
5.34266
5.41339
5.45946
5.49632
5.56489
5.54625
5.59758
5.6473
5.65819
5.66723
5.71164
5.74042
5.75553
5.80562
5.83174
5.96338
5.9775
6.01768
5.92254
5.95914
5.95968
5.99149
6.02315
6.02401
6.07955
6.13099
6.14558
6.23022
6.26418
6.26349
6.31107
6.31928
6.38402
6.45643
6.46547
6.41144
6.48647
6.47783
6.55034
6.59598
6.57725
6.65045
6.72705
6.71545
7.03309
6.64137
6.72382
6.71378
6.84792
6.81622
6.85205
6.88491
6.86853
6.97065
7.00151
6.9836
7.04887
7.11015
7.10351
7.15709
7.22817
7.28001
7.27883
7.24118
7.33257
7.35036
7.33731
7.39582
7.47881
7.43647
7.47102
7.52759
7.57266
7.5913
7.68341
7.6104
7.63707
7.71216
7.72
7.70293
7.75753
7.80305
7.84934
7.85099
8.22724
7.94222
8.33779
7.99777
8.07117
7.96189
8.08866
8.02532
8.14607
8.15239
8.22465
8.2128
8.23576
8.28217
8.20853
8.3446
8.73314
8.31333
8.62165
9.17963
8.35549
8.37222
8.56269
8.54064
8.56635
8.63294
8.67975
8.60517
8.80814
8.73238
8.83482
8.78744
8.80258
8.89005
8.88014
8.87946
8.85279
8.98548
8.97437
9.16314
9.14811
9.11175
9.1008
9.2111
9.19464
9.12272
9.157
9.19229
11.6108
9.42304
9.48808
9.38492
9.39377
9.42998
9.40464
10.0018
9.84962
10.0207
9.88928
9.95819
9.66126
9.74215
9.71621
9.61463
9.69886
9.70692
9.64568
9.86467
9.8564
9.8164
9.87454
9.85356
9.95824
9.90887
9.90398
9.9381
10.1139
10.1783
10.5274
10.373
11.6667
10.1865
10.0082
10.3033
10.2327
10.219
10.2492
10.325
10.3256
10.3077
10.454
10.446
10.5017
10.3919
10.3615
10.4658
10.5688
10.6817
10.5743
10.6696
10.6997
10.7181
10.6686
10.7722
10.8175
10.6589
10.7974
10.8538
11.1572
10.9554
10.8801
10.9576
10.9855
10.9096
10.9795
10.9551
11.0283
11.1044
11.3586
11.0764
11.4266
11.2617
11.1532
14.4135
12.89
11.484
11.4833
11.5194
12.112
11.7089
11.7593
11.5793
11.7658
11.8698
11.9431
12.2425
12.1447
11.8386
11.9472
11.9235
11.9916
11.9032
12.0469
12.1122
12.1305
12.2
12.0766
12.2813
12.2118
12.1712
12.2613
12.3065
12.2098
12.2728
12.2446
12.1926
12.3906
12.3442
12.4869
12.4499
12.5698
12.5257
12.5525
12.5797
12.59
12.891
12.5302
12.791
12.6058
12.6686
12.7939
12.91
12.8995
12.755
12.8832
13.0519
13.0093
13.0843
13.0157
12.9908
13.2489
13.0484
13.2783
13.3697
13.1927
13.25
13.311
13.2451
13.2797
13.2635
13.9334
13.3919
13.3944
13.5333
13.4603
13.5815
13.4657
13.5965
13.621
13.659
13.6837
13.5975
13.8197
13.7909
13.837
13.7187
13.9051
13.8044
13.9222
13.9419
14.0103
13.934
14.0363
14.1581
14.1184
14.0262
13.9953
14.2272
14.2119
14.2436
14.2255
14.3554
14.2811
14.3815
14.9799
14.867
14.6605
14.6339
14.368
14.5513
14.4791
14.5491
14.6147
14.6323
14.5597
14.6474
14.7364
14.6615
14.9955
14.6664
14.9428
14.8777
14.7965
14.9136
14.9002
14.9697
14.9643
15.1348
15.0412
15.1683
15.3183
15.4215
15.5809
15.4689
15.5615
15.6858
15.5661
15.7543
15.6982
15.6411
18.3175
15.7813
15.7623
15.8588
15.8349
16.0774
16.1597
15.8555
15.9136
15.9787
16.0946
16.1293
16.1296
15.8214
16.1205
16.0215
16.1249
16.177
16.2596
16.1092
16.2962
16.2972
16.3026
16.4411
16.5361
16.4422
16.4151
16.4377
16.5729
16.8217
16.5974
16.6421
16.7005
16.5869
16.8124
16.5553
16.7868
16.7642
16.7707
16.8878
18.1433
17.3416
17.4666
19.4223
17.0431
17.2608
17.1479
17.1863
17.3871
17.2541
17.2867
17.2847
17.1769
17.2184
17.4508
17.5462
17.5799
17.3656
17.458
17.8549
23.3773
17.6432
17.6634
17.6707
17.732
17.7151
17.8388
17.7526
18.1754
17.8775
17.7972
17.9731
17.8245
18.2139
18.3681
18.3036
18.689
18.434
18.3649
18.2466
18.4472
18.364
18.3028
18.3408
18.6205
18.7638
18.767
18.6266
18.7154
19.0316
18.6915
18.921
18.7647
18.62
18.4037
19.082
24.6889
18.7302
19.0783
19.0594
19.1093
19.0681
18.9262
18.833
18.8047
18.7072
19.1666
19.5038
19.4824
19.21
19.369
21.5395
19.3672
19.5683
22.1407
19.48
19.5445
19.4235
19.7699
19.5214
19.5199
19.7546
19.743
19.9338
19.8184
19.802
20.2754
19.7801
19.8643
20.0295
20.1024
19.8836
20.0892
20.0093
20.0194
20.3501
20.2794
20.6086
20.1613
20.2973
20.2482
20.5357
20.4659
20.63
20.4975
20.6038
20.9582
20.5513
20.3465
20.2905
20.3725
20.3382
20.4587
20.3012
20.174
20.4186
20.4996
21.2807
20.8798
20.8154
20.7832
20.8325
20.9741
23.844
21.0235
21.0189
21.143
21.591
21.225
20.9887
20.9064
20.8112
23.0686
21.2567
21.8177
21.4159
21.2639
21.1784
21.4371
21.2432
21.3312
21.5013
21.5413
21.2191
21.4144
21.4648
21.6771
21.6918
21.9632
21.6967
21.902
21.8186
21.7567
22.7792
22.8875
22.3701
21.8354
22.0707
21.9374
21.9923
21.9932
21.93
22.1415
22.5911
22.0422
22.0039
22.3521
22.1586
22.2742
22.3828
25.7264
21.8984
22.0486
22.4473
22.5857
22.6285
22.6354
22.4237
22.6332
22.728
22.3346
23.4041
22.5299
22.8108
22.7397
22.7271
23.6945
22.5435
25.4877
22.8983
22.987
22.9023
23.1151
22.7773
23.1284
23.166
23.1858
23.7234
23.0982
22.8604
23.4226
23.2117
23.3592
23.3002
23.4563
23.1512
23.5623
24.2344
23.5222
23.6809
23.6095
23.298
23.5494
26.6716
23.6637
23.1759
23.5879
23.8568
23.6728
24.0316
23.9644
23.4571
23.8781
24.0093
24.152
23.9514
23.6801
24.2176
24.1142
24.0924
24.5339
25.2982
25.926
24.1822
24.3594
24.004
24.503
24.4578
24.4225
24.6656
24.5909
26.8688
24.5499
24.3692
24.7595
24.8902
24.541
24.3752
24.3692
24.749
24.8697
25.0324
24.741
24.9551
28.3964
24.5863
25.5693
25.1792
25.0046
24.7626
25.1255
24.9937
25.33
24.8393
25.4281
25.4228
25.3614
25.024
25.2994
25.5259
25.6133
25.636
25.8126
25.6297
25.0721
25.5273
25.7843
25.7499
25.9827
26.0425
25.8706
25.3406
25.85
25.9801
25.8424
26.3399
26.5593
25.7013
33.7876
29.4585
28.7624
28.0213
26.0858
28.406
26.6801
26.4719
26.6773
26.8344
26.6524
26.421
26.5156
27.3322
27.8079
26.6227
26.774
26.553
26.6801
26.8946
26.9901
26.5818
26.742
26.5275
26.4006
26.9818
27.1089
29.0481
28.0739
26.8587
27.0926
27.1381
27.3922
26.7097
27.31
26.8331
28.1176
27.5949
26.9699
27.0059
27.5274
27.5375
30.0059
27.1531
27.2779
27.6596
27.3525
27.7684
28.9011
27.6303
27.6769
27.6356
27.5434
28.1068
28.0859
28.0308
27.7201
28.3617
27.6102
28.3672
28.0525
27.752
28.3621
30.7177
29.1819
28.0747
28.378
28.2609
28.3054
28.4748
28.3827
28.7717
28.4882
28.5823
28.5751
28.1724
28.4986
28.2856
30.7879
28.5558
28.6393
28.772
28.8437
28.7093
28.5628
28.6988
28.6828
28.5761
28.9154
28.9297
28.9492
28.7512
31.1568
29.0281
29.2606
28.8628
29.2462
28.9321
29.9764
29.3473
29.4349
29.093
29.3032
29.2932
29.4774
29.5762
29.6014
29.46
29.3004
29.4076
29.2924
29.5825
32.1566
29.8491
29.0674
29.8625
29.6485
29.6772
29.7409
30.745
31.22
29.8594
29.7733
29.9549
29.6026
30.3815
30.0235
30.1812
30.0738
29.8711
29.7508
30.3006
30.767
30.3412
32.4691
30.5508
30.5651
30.41
30.6203
30.4021
30.3226
30.2372
30.7421
30.3976
30.5734
32.9194
30.8483
30.7884
30.9654
30.515
30.3337
30.7689
30.5253
30.8553
30.4264
30.8946
30.3246
31.2753
30.944
31.3072
31.1635
31.3056
31.0362
30.8576
31.8178
30.9028
31.2587
31.1281
31.5765
31.1405
31.2934
31.215
31.0741
31.5878
33.4506
31.489
31.593
32.8133
33.7345
31.8066
31.7379
31.8031
31.5825
32.0682
31.8113
32.1033
32.1485
31.8273
31.6848
32.0988
32.021
32.1726
31.8988
32.0385
32.1935
32.8268
34.3576
32.5797
32.3537
32.4787
31.8627
32.1738
32.2976
32.2934
32.4986
32.0417
32.5485
32.5954
32.1493
35.3755
32.5477
32.1462
32.6304
33.9506
33.4998
33.0595
32.7145
32.8928
33.034
32.8775
33.2483
33.3784
32.7076
33.1133
32.8089
32.8294
33.3113
33.0552
33.0153
33.0522
32.9813
32.867
33.6026
32.9938
33.1729
33.344
33.4782
33.066
33.1673
36.03
33.352
33.553
33.5928
33.348
33.3929
33.6733
33.7789
33.9657
34.0173
34.0452
34.5192
33.7191
33.7986
33.8368
34.1201
33.8376
34.5369
33.8945
34.0534
34.3447
34.0514
34.0521
34.3463
34.4295
34.681
34.3992
34.563
33.9356
35.1312
36.9787
34.7504
34.156
34.3053
34.7406
34.5399
34.0539
34.676
34.5264
34.9352
34.8688
34.815
34.9986
34.8293
34.6839
35.2427
35.8531
36.6713
35.2603
35.2578
35.3107
35.0467
34.8373
34.9874
35.3566
35.2764
34.9122
35.6326
38.1092
35.2907
35.5904
35.3933
35.3542
35.7973
35.5524
35.0319
35.2249
35.7116
35.4811
38.1642
35.7763
35.6808
35.9458
36.07
36.4487
35.9364
35.552
36.1699
36.0227
36.2668
36.1324
35.9678
39.2862
36.5081
36.2977
36.0438
37.3051
36.4555
36.3482
36.5028
36.398
36.4104
36.2589
36.3785
36.6754
36.8419
41.964
36.7973
36.8165
36.6621
36.2007
36.945
36.4686
36.842
36.5867
36.7294
36.7687
36.7802
36.6016
37.1885
37.0188
37.3369
37.0024
39.4151
36.7122
37.0235
39.0967
37.5428
37.2575
37.202
37.1261
36.8187
37.3733
37.2977
37.4996
37.3829
37.3877
37.334
37.9385
38.4484
37.6916
40.4276
41.0223
40.7001
39.9298
38.945
38.6494
39.6757
39.8529
39.5493
42.839
40.3675
40.4058
40.3553
39.3051
38.3504
38.5922
38.6078
39.4329
41.1304
39.2235
40.611
40.8037
41.59
40.8503
39.1657
38.8812
38.6702
38.7476
38.5011
38.4531
39.8421
39.3899
38.8591
39.5079
42.5695
40.6925
39.6898
39.4269
39.6667
39.6667
42.0947
41.5915
41.5675
41.0348
41.1921
45.0644
49.9958
43.5173
44.1545
41.0973
41.5209
41.3475
41.1765
41.5459
41.8367
42.3888
41.4417
41.3977
46.0791
41.0759
43.2452
44.1519
40.9742
41.3905
41.1373
40.1518
40.1254
40.5109
40.2229
41.7966
40.8876
40.4386
40.5331
40.1706
41.0185
41.4379
41.8467
41.6707
44.1613
41.5129
41.6179
41.5709
43.3288
41.0482
41.4856
41.0726
41.1318
40.5745
40.6527
40.898
42.0963
42.8344
41.752
43.1691
42.8333
43.1284
42.4815
42.0992
42.4747
41.8796
42.4065
41.9805
42.3019
42.2363
43.0731
42.9242
43.7922
42.3605
44.4219
41.5656
42.2312
42.4366
42.1624
41.77
45.3382
42.7724
43.3428
43.4378
43.1466
43.2688
43.5113
42.1634
40.89
40.8545
41.2566
41.2133
40.9749
41.778
42.4796
40.9907
43.8119
41.4124
42.0459
42.1194
43.7894
43.0438
43.1903
42.4806
46.3194
43.6224
42.4983
43.9169
48.8955
42.7749
45.3603
43.094
43.6608
43.7535
42.2991
42.6327
42.8106
43.9864
45.1222
46.2319
43.6572
43.6116
43.9439
42.9498
43.7545
43.5254
43.0956
43.3585
43.0002
43.0467
43.9696
43.7601
45.5865
43.4967
44.2936
44.7171
43.4769
44.3925
44.4182
44.006
45.4563
44.3883
46.4766
44.5904
44.744
44.3977
44.0979
44.0835
44.314
44.8052
44.6136
44.3658
44.7113
44.9458
44.2634
44.5934
43.8971
45.0238
44.429
44.6259
47.0225
44.9785
45.918
44.8669
47.248
45.4154
45.2101
45.079
45.9613
45.8655
45.5879
49.4502
47.8786
47.8246
45.5596
45.7827
45.42
46.1838
45.7854
45.7516
45.1652
45.0575
44.945
45.3968
45.4119
44.9496
47.8841
44.8141
47.8085
45.178
56.4467
46.189
45.329
46.6499
46.307
48.248
56.8319
48.5575
47.1093
46.02
46.1671
46.2534
45.5933
46.1496
46.205
46.1939
46.1433
49.1608
46.3992
46.4516
46.8017
46.2082
46.5905
46.3681
48.8136
46.465
47.356
51.8985
49.1872
46.3511
46.7593
46.7489
46.1567
46.9827
46.8882
46.6664
46.9704
47.1062
47.0448
50.067
46.3663
47.2418
47.037
46.9947
46.967
47.6958
46.7534
49.7102
49.1898
47.9195
49.8152
47.6902
47.8469
47.4607
51.2805
47.6062
49.0877
47.9535
50.0839
48.2041
50.3909
52.6574
50.4535
48.1414
48.7225
48.2893
47.9389
48.3981
71.967
53.0024
52.6352
49.3101
52.2848
52.6198
51.3548
54.9536
49.6353
50.5309
60.1241
64.8648
60.9477
56.1098
50.3666
48.9114
61.1463
58.2192
50.0762
79.153
81.0547
101.972
53.6587
89.4251
101.266
70.6485
69.8405
50.5022
49.6664
49.469
49.6344
63.4567
66.9608
85.6751
75.7589
65.6696
53.0111
55.4912
65.3454
80.4214
60.7612
53.14
53.0402
50.4635
52.2684
51.8978
54.2515
54.3811
50.5345
51.2171
50.7271
50.7129
50.6187
51.4816
50.9696
51.5791
50.9452
51.6804
51.7888
51.4743
51.4205
54.5092
51.9095
51.5247
51.3391
51.8288
51.7568
51.5545
52.0613
54.4948
52.1032
54.2264
52.0316
52.1826
52.0647
52.0096
52.4197
52.2833
52.8468
52.5026
53.4248
55.6882
54.212
52.9219
53.3059
54.8555
53.996
60.1761
64.3123
61.1879
60.9235
57.2116
57.415
57.0374
57.3009
62.9354
54.3345
54.1645
55.8062
53.3597
54.028
54.1863
54.6298
55.388
53.4922
54.8541
53.9249
53.958
54.1675
53.6221
54.1342
53.5059
54.5465
54.8673
54.6981
54.0734
54.938
57.7058
53.9811
54.5582
54.3606
54.3205
54.4177
62.6094
56.1088
56.5332
55.5384
55.2111
55.5369
56.3423
55.4733
58.0504
56.8862
55.749
55.2661
59.6757
54.8324
54.8376
54.9051
58.3169
55.4791
56.4772
56.5643
55.4025
55.9563
55.8735
55.9159
54.988
55.5308
55.5232
55.98
55.7826
55.9532
59.4132
55.788
55.6902
56.2027
56.0314
56.4714
56.9033
56.4852
58.0842
56.229
55.9004
56.3451
56.1831
56.6479
57.0021
56.2874
57.4698
56.6142
59.2443
56.4872
57.0585
56.9207
56.8418
59.1856
58.1554
61.6931
56.2019
57.3955
57.3163
57.5794
60.5898
56.5754
57.8388
58.7675
57.1483
59.6322
56.5266
57.6846
58.2836
58.0054
58.3746
59.2904
61.2346
58.1017
58.3685
58.8354
58.1182
58.1732
57.7728
58.3605
59.222
58.6408
61.5636
57.4784
58.8039
59.0353
58.5716
59.0578
58.7562
59.7238
57.8656
58.5541
59.097
59.3799
62.4899
59.2187
59.6801
59.743
58.5851
62.0738
58.8179
59.2606
59.1006
59.9029
60.0791
63.7734
59.2692
63.1045
61.4072
65.4449
65.4825
73.0658
81.4987
75.6619
61.7909
63.7796
59.7177
60.4257
60.8512
60.4957
61.0578
61.3341
62.6079
60.9675
60.6937
62.4743
61.8586
67.429
62.4851
64.8442
61.8581
64.3276
61.7889
61.189
66.2531
70.6342
66.0641
62.0628
60.9149
61.087
61.0279
61.0616
63.8423
61.9014
61.4821
61.3313
61.0274
63.9262
61.6444
62.2667
60.9391
61.1895
62.4086
67.3523
79.95
67.2216
64.7227
65.1644
63.6918
64.7547
62.9632
66.2551
66.2525
66.2114
64.1576
64.4831
66.2996
63.9927
64.7017
62.8793
64.0602
64.7263
62.8135
64.5935
63.1319
65.5253
64.8283
63.3125
65.7663
64.2827
65.1624
64.2613
64.9668
65.3726
63.6766
65.3944
66.5501
65.715
64.9235
63.6255
70.2556
65.1599
63.8705
65.1471
65.7601
64.4573
66.3843
65.1533
66.1785
64.3836
66.8488
64.6572
64.8196
64.9041
63.9366
68.1538
67.5744
66.2462
67.7222
65.488
69.8932
71.8661
64.8639
66.4829
65.42
64.4641
67.8868
65.5868
66.0263
67.9608
65.2067
65.9725
64.0328
68.3234
71.9926
68.9143
69.8266
64.9645
68.4824
66.3697
65.5999
65.021
66.8712
71.1756
68.3696
65.6519
66.9776
66.4388
69.9098
67.8138
69.5746
68.4218
70.8092
71.048
66.3125
63.936
67.2959
437.149
67.8067
71.4503
69.1837
68.695
68.19
67.9533
67.6928
65.0841
69.1571
67.5523
67.0871
69.3244
68.3134
68.1649
67.7985
67.7733
68.0277
68.5233
68.9211
69.0507
67.8411
67.3676
69.0638
69.1301
67.9741
69.3356
67.7157
70.8229
67.6123
67.5286
72.5314
69.2035
70.5008
70.5197
71.6742
68.7212
69.9633
69.2086
71.4824
73.6812
69.5565
72.4749
69.1827
69.5264
74.9168
71.1642
72.039
74.6721
71.9816
77.1537
71.9763
77.1384
75.4397
74.2171
73.894
73.7157
75.3712
71.6772
73.8435
74.3912
71.8158
74.2965
72.2064
72.344
71.6021
71.3154
71.6681
71.5385
74.8094
71.14
71.8064
73.1771
73.8358
74.7447
100.913
77.6009
80.5708
76.4654
76.416
77.8414
76.2572
77.7453
79.0487
75.6711
78.1857
77.0239
74.0096
84.9141
73.2167
76.745
73.7605
77.4579
75.8237
75.7985
82.258
73.922
73.649
74.6993
76.5851
75.1377
86.505
75.0373
77.0245
76.6515
76.1993
79.4737
77.9946
76.15
76.7543
76.9525
76.7508
78.6548
77.4133
85.6057
80.2002
79.8866
77.4109
76.9854
77.4245
77.117
77.5428
78.7736
74.9777
77.2728
74.1988
74.7243
84.9598
75.3327
76.7667
75.7038
79.3801
75.5744
74.9181
75.6085
78.246
78.8702
81.3651
79.5512
81.7243
88.4862
80.3475
80.5289
79.0802
81.8042
79.665
79.9897
80.3411
79.5284
79.6476
81.3375
79.5841
88.7811
81.792
85.1384
80.48
82.8803
84.3164
82.645
81.2918
82.1881
81.4873
86.3275
88.1467
96.035
84.8148
94.3849
85.4632
82.8912
84.6041
81.818
83.7757
83.7809
87.1978
85.5328
85.0748
91.3091
84.3492
84.4949
84.1772
83.8239
83.8768
83.4472
86.4293
84.6217
84.3527
86.9571
97.4945
90.5524
87.1528
93.1386
93.2315
90.3425
88.4356
88.2827
85.2486
85.3067
87.0011
91.4477
86.8795
88.8988
85.441
85.2758
84.8179
85.981
85.658
86.3817
85.982
85.7372
89.4181
92.3391
86.2799
89.501
86.0224
86.9695
87.2353
87.1022
87.9642
89.1714
88.5985
91.0736
96.1297
88.9405
89.3939
89.941
89.0552
91.1418
89.5029
89.5614
89.5906
89.4246
90.6697
95.4932
89.8624
90.0848
89.9697
89.6874
91.0601
91.6803
90.8913
93.6729
91.9805
94.0067
98.6616
95.8149
93.8402
95.8376
94.8587
93.384
92.0948
93.6247
93.2633
92.7054
96.2785
99.7231
100.892
116.48
94.6882
93.499
94.6797
93.6898
96.5061
96.4869
100.161
103.456
137.14
124.488
114.932
112.252
108.271
110.553
108.078
109.046
107.866
102.241
123.01
103.841
101.176
98.9717
98.9832
98.3001
97.9197
105.249
99.6231
100.449
97.9135
98.5623
97.4204
97.6004
99.879
97.4632
97.4916
102.451
98.3633
99.9666
97.0908
98.9087
97.6908
97.5863
97.2958
96.7867
96.1718
102.622
103.663
105.017
99.993
100.366
99.6432
99.9832
100.579
102.211
100.613
105.988
101.979
132.181
116.306
124.589
124.209
108.039
108.159
108.365
118.87
112.565
105.095
103.303
106.185
102.031
106.023
115.28
108.62
123.457
108.044
105.748
111.431
104.611
103.186
104.146
105.429
103.259
121.038
120.413
102.687
101.928
102.293
103.056
113.81
102.534
102.975
107.631
125.08
109.05
101.927
100.379
100.998
100.938
100.522
109.979
103.224
113.444
115.879
105.133
108.496
103.232
102.804
102.163
102.588
109.611
153.693
115.073
107.635
105.885
110.578
116.91
108.372
107.477
110.277
127.032
136.724
119.199
108.031
109.591
109.667
111.434
120.074
115.586
135.25
109.998
110.666
122.319
112.137
112.322
109.969
112.421
140.85
115.766
111.359
111.84
112.127
122.791
112.941
110.995
114.342
136.458
122.981
114.459
110.868
126.726
113.375
122.896
117.705
121.994
114.514
114.659
123.218
116.676
114.424
113.736
116.503
125.902
138.851
115.806
115.944
115.546
125.166
116.609
118.816
119.517
141.268
126.398
116.657
117.175
115.568
117.115
126.858
119.308
141.605
121.494
118.122
126.376
117.045
117.177
117.576
119.742
146.067
123.672
119.596
112.836
114.234
128.743
119.351
119.256
128.375
143.184
124.112
119.605
124.316
119.19
128.296
122.85
131.987
137.451
119.958
132.237
120.879
122.016
124.33
123.591
141.846
124.185
122.451
121.359
123.897
130.332
120.275
123.109
145.663
136.156
122.575
120.484
123.749
121.775
132.073
124.572
146.003
124.477
123.513
140.19
129.913
123.853
122.17
136.446
133.049
125.778
124.576
127.345
144.341
186.505
142.913
145.248
147.481
142.63
144.123
143.159
152.264
160.157
160.705
149.945
145.822
139.818
141.24
139.157
152.796
147.855
142.873
142.755
142.092
140.944
139.748
148.215
139.742
140.037
137.649
137.976
136.16
136.428
140.174
137.856
136.867
134.91
139.63
134.818
134.872
134.558
145.207
138.027
135.332
136.684
136.333
137.959
136.75
144.41
138.597
136.076
136.259
136.602
137.328
135.583
145.372
136.935
139.257
205.06
146.807
144.751
143.602
149.636
151.449
153.437
149.281
148.911
142.804
141.547
146.79
143.458
141.62
141.903
138.73
142.466
143.341
149.41
156.688
144.205
140.647
145.397
146.444
149.008
146.211
215.47
176.908
195.396
164.695
195.073
176.404
166.646
150.934
159.06
154.371
157.738
163.165
168.069
150.716
150.558
147.488
171.152
149.809
148.319
146.456
163.221
146.339
148.343
171.813
157.071
150.314
152.808
146.735
159.199
159.09
161.969
154.441
154.626
147.819
148.421
156.927
164.173
145.923
150.527
157.86
152.702
146.892
159.996
173.885
151.282
162.541
149.906
159.59
152.988
174.011
205.923
199.248
183.867
169.681
173.739
169.557
169.324
162.848
164.62
162.275
164.64
161.823
161.662
158.108
155.916
154.006
158.8
156.753
157.899
153.716
169.111
155.339
154.61
162.622
155.437
160.138
157.094
160.741
160.397
163.905
158.824
176.349
199.795
213.685
199.529
192.038
189.273
185.407
179.167
174.716
177.879
171.378
173.827
167.654
167.124
166.107
173.35
164.872
165.595
164.107
168.791
168.662
172.256
172.769
171.051
168.944
167.735
172.066
169.421
182.812
171.986
170.882
166.986
173.441
169.794
167.983
172.15
168.128
171.18
173.054
172.484
171.208
162.115
162.59
161.474
167.502
175.6
164.166
173.749
170.504
168.213
168.442
165.777
166.777
166.019
164.846
163.195
168.838
166.865
169.143
176.758
172.424
172.947
172.743
165.929
169.637
165.971
166.126
168.293
171.782
168.474
171.991
167.648
167.533
166.462
176.412
178.159
186.084
177.903
177.889
182.896
184.914
186.61
182.917
179.073
178.883
184.917
179.421
182.987
180.881
179.371
184.004
246.39
268.317
252.593
204.442
192.344
190.11
195.926
190.599
186.825
192.249
184.2
186.671
182.523
180.3
185.256
180.423
178.903
226.597
226.14
248.888
233.463
215.631
200.086
199.971
205.159
188.537
202.22
197.593
191.055
201.664
207.836
184.503
183.02
185.488
210.321
230.529
208.112
208.398
209.122
203.172
199.78
199.034
197.974
199.427
194.09
286.231
262.406
225.153
215.19
206.153
216.917
224.073
211.467
201.305
197.03
201.224
199.691
201.154
193.85
190.896
192.55
188.607
193.747
190.942
191.25
188.732
241.983
242.873
236.993
209.932
208.235
219.888
228.147
207.397
201.933
216.705
212.433
201.969
190.001
199.551
194.836
197.217
222.43
198.25
199.098
214.239
208.539
206.842
200.886
213.359
200.271
219.286
197.93
200.009
207.046
200.363
224.414
210.237
196.56
206.675
213.896
226.134
206.766
208.106
200.714
212.344
223.074
279.862
261.71
215.907
212.88
249.358
230.489
263.156
262.231
260.012
266.56
242.159
241.715
231.296
262.587
277.571
255.416
229.16
256.438
235.461
278.521
231.096
291.45
257.12
243.531
294.121
256.926
323.467
307.733
240.852
235.22
235.433
215.934
212.984
257.498
292.891
260.598
284.041
234.127
239.31
230.435
224.439
224.285
240.148
227.549
277.893
239.535
244.077
224.552
219.155
221.575
222.196
228.169
210.832
210.291
213.229
215.359
206.37
205.837
204.261
204.266
280.155
270.983
269.334
236.798
237.351
236.509
319.232
275.926
256.751
266.667
268.028
256.545
247.438
266.399
289.51
255.719
239.305
244.059
232.223
249.496
239.245
295.04
254.859
267.109
254.033
240.604
245.279
250.173
265.102
257.8
239.706
246.061
239.829
257.022
250.759
245.167
221.942
238.596
314.447
292.419
318.672
259.69
268.609
280.6
238.797
237.681
276.16
263.582
236.592
235.699
225.258
229.468
223.165
221.383
223.618
233.526
236.272
235.514
259.505
247.372
244.423
312.682
280.944
293.716
335.697
261.541
255.139
245.098
250.154
262.067
266.247
252.021
246.765
266.487
252.944
239.314
240.452
245.453
249.297
298.9
272.783
252.97
263.601
259.408
247.362
241.364
253.072
249.544
252.267
250.436
256.505
244.276
241.819
281.143
253.789
241.176
243.117
331.134
271.791
258.97
256.457
254.553
247.657
277.626
263.171
264.827
256.504
250.97
252.108
262.615
243.445
242.135
256.659
248.436
248.302
234.277
235.772
252.003
252.245
247.64
251.975
254.712
273.914
304.653
305.005
318.55
274.463
268.226
260.383
258.956
253.796
249.698
256.269
261.501
253.688
256.229
260.369
260.335
259.353
255.337
258.899
257.046
255.726
259.95
261.275
255.612
254.655
258.908
328.047
286.587
281.824
290.984
283.817
278.121
271.887
256.439
257.701
295.709
306.434
290.097
282.962
276.389
275.891
271.087
262.249
266.482
258.729
251.282
250.761
254.018
264.433
264.575
263.269
268.056
269.719
329.956
313.969
303.673
349.003
316.099
296.789
297.934
305.847
307.793
276.006
265.894
262.856
265.211
270.847
260.737
264.208
292.458
336.377
341.46
316.154
309.81
288.898
276.116
330.621
311.055
309.668
285.088
285.607
278.861
270.848
274.028
276.713
285.759
286.512
279.176
281.949
278.482
278.079
276.889
283.287
278.666
280.324
281.644
291.588
279.702
278.729
294.718
266.286
264.444
263.473
274.225
268.16
279.525
288.719
283.942
280.093
283.196
288.124
281.921
299.272
333.218
312.334
325.963
310.548
295.111
283.408
289.264
284.36
282.959
268.985
281.888
391.721
341.528
322.362
345.695
316.187
306.259
303.924
300.591
294.006
297.237
280.437
278.461
296.578
290.451
293.017
284.095
289.863
375.301
334.734
406.483
390.191
361.855
325.178
386.69
448.206
385.271
359.151
390.831
331.366
302.146
297.018
292.937
297.328
316.65
437.617
487.714
343.981
339.722
346.48
313.973
310.156
307.401
306.117
303.876
353.453
345.444
342.578
346.299
331.375
308.52
328.191
428.586
378.865
346.142
389.024
411.727
382.727
330.442
418.791
371.06
408.984
334.7
329.283
317.034
325.71
458.156
372.283
369.644
339.418
339.048
347.173
422.155
375.185
399.675
503.187
456.302
428.017
359.277
371.083
367.817
368.796
371.93
355.202
341.279
354.764
363.615
343.035
323.707
332.08
418.324
467.363
478.839
441.263
407.955
447.463
329.931
325.143
330.382
334.646
321.064
320.344
323.168
311.113
315.336
330.091
301.817
309.455
321.238
378.989
359.579
342.546
336.237
332.975
325.075
444.116
458.63
415.843
413.774
374.849
437.074
378.882
355.513
369.8
433.853
364.205
348.318
348.252
347.817
339.15
339.894
325.2
315.756
320.425
453.83
362.538
404.834
362.067
355.81
348.854
344.946
377.59
386.648
355.301
337.016
329.7
352.51
415.145
349.631
415.656
341.294
314.982
318.956
327.6
333.613
337.069
457.149
368.643
388.416
394.293
389.054
349.863
337.057
340.412
327.049
316.784
328.035
325.843
324.097
327.927
573.401
456.516
394.474
368.07
449.947
412.174
375.608
368.515
567.25
438.302
394.056
454.153
462.795
422.409
395.838
382.832
391.461
370.922
394.448
485.076
421.646
494.931
455.876
522.794
421.896
435.163
430.123
382.282
409.666
397.24
415.225
387.775
389.845
384.762
355.986
356.026
345.453
352.491
343.397
349.136
339.185
357.079
365.923
403.119
384.828
358.903
358.314
397.354
362.763
371.974
359.61
359.642
369.725
350.227
383.896
385.452
374.738
478.874
391.752
409.952
437.872
392.967
377.019
454.321
417.686
422.454
427.08
432.932
410.033
389.349
402.527
374.354
373.945
399.131
451.234
417.659
437.279
406.468
396.405
388.696
374.513
363.49
353.899
367.899
371.262
363.954
356.461
343.637
338.852
348.665
361.134
454.543
414.159
394.78
388.469
431.128
409.595
408.808
388.789
382.178
466.459
414.599
393.448
382.393
372.137
367.005
358.379
353.316
478.192
416.79
441.76
441.277
400.279
388.259
392.27
389.014
455.874
501.913
431.154
381.529
381.6
373.214
363.953
354.205
372.749
366.08
433.41
404.796
389.347
385.723
373.82
368.097
363.399
358.641
358.578
365.02
351.714
357.916
352.316
442.213
412.796
465.197
407.257
464.263
431.298
461.568
424.144
408.843
406.347
409.822
467.483
412.581
414.008
397.006
393.907
387.56
464.84
450.63
418.426
513.526
430.243
470.697
439.19
429.447
460.58
426.005
414.154
403.402
397.663
374.339
370.396
391.787
467.736
433.048
424.692
406.635
401.561
381.997
442.148
456.059
476.648
461.2
432.945
497.09
428.891
522.408
472.599
453.975
428.64
432.728
427.781
427.131
475.138
449.538
424.033
410.057
463.743
418.456
412.78
470.695
451.533
449.062
415.354
514.912
490.259
490.436
441.446
536.794
407.988
447.364
471.639
438.196
435.67
457.834
465.099
451.086
417.171
410.259
471.183
476.899
422.146
413.87
405.52
395.28
386.38
372.17
373.751
375.8
369.234
372.904
387.636
391.176
389.069
375.851
390.898
387.832
480.045
486.286
450.446
434.566
417.642
406.332
411.441
484.913
463.565
469.739
463.588
432.516
413.397
464.507
479.738
501.845
495.336
462.9
494.237
447.938
504.636
460.775
462.891
442.45
437.961
440.033
470.829
479.59
508.764
455.485
444.23
429.066
423.836
489.644
469.886
487.303
449.635
431.031
416.576
481.082
457.978
510.43
467.076
537.803
486.99
495.776
536.08
559.114
487.287
580.106
455.504
489.564
533.628
578.478
489.804
467.812
454.226
431.124
453.501
467.623
509.448
453.966
438.777
434.476
430.559
426.835
503.687
515.461
483.903
450.566
497.794
536.253
488.539
445.305
490.234
461.773
490.469
528.572
532.26
519.946
533.432
503.092
553.623
476.468
447.702
439.366
427.923
411.039
464.195
511.781
556.996
488.79
465.897
452.873
435.691
426.245
415.125
406.94
416.668
479.916
493.278
467.317
462.725
452.463
439.303
423.574
482.067
524.569
505.932
460.782
456.601
455.703
442.569
436.491
430.819
576.276
464.16
455.627
435.506
504.917
531.643
533.919
524.701
509.315
476.9
465.997
453.815
494.663
472.085
466.746
484.888
445.467
511.676
524.537
524.919
500.224
492.302
475.276
529.454
515.955
499.122
521.303
464.038
491.521
524.92
493.789
472.447
456.545
446.394
487.05
534.466
536.086
470.541
490.418
485.783
470.592
507.974
460.917
461.25
496.237
546.951
577.447
515.471
510.42
501.052
493.21
458.346
466.713
464.784
433.704
434.599
428.945
433.515
497.831
519.033
565.769
505.396
488.496
564.643
519.615
529.244
527.506
500.65
478.847
485.27
465.252
449.045
453.517
439.31
446.642
526.306
506.788
489.641
472.054
581.63
506.899
541.661
575.453
520.313
600.018
518.162
570.498
526.884
509.853
487.106
599.249
502.305
556.031
518.446
482.576
484.728
464.376
443.402
461.802
463.178
436.738
438.513
450.76
459.524
433.295
435.393
446.421
458.768
464.726
495.015
554.152
495.09
497.325
541.772
511.365
487.658
475.364
466.364
461.233
451.458
448.818
453.37
470.424
525.261
550.669
499.413
486.055
494.15
564.735
564.613
556.527
561.88
570.262
560.158
514.703
507.554
514.653
555.105
559.781
534.861
544.509
565.246
575.654
521.221
514.887
504.603
561.955
531.669
499.549
479.911
567.116
508.87
549.299
546.588
566.692
550.239
509.37
529.511
504.716
489.075
492.534
540.724
540.645
514.79
498.993
499.25
493.371
504.21
576.538
559.161
572.235
549.784
577.146
567.093
579.244
528.306
514.624
499.593
479.11
476.681
492.772
477.895
462.474
474.505
494.842
489.87
470.777
476.459
505.53
591.713
541.207
509.65
510.391
477.077
490.233
470.716
467.438
483.393
584.911
574.927
603.991
541.212
560.305
554.386
576.998
552.653
537.141
558.108
558.331
565.552
584.272
592.607
558.123
545.972
538.942
603.785
610.099
570.942
528.549
546.454
580.696
541.519
522.972
597.085
577.779
583.936
535.781
526.374
528.71
611.15
648.986
539.889
553.183
520.841
489.159
567.074
558.852
515.766
507.808
518.61
500.929
499.808
495.232
637.305
581.098
557.197
574.741
565.434
552.01
611.516
612.269
563.839
516.259
534.57
593.557
572.541
547.733
631.966
564.341
531.395
518.459
604.431
582.732
586.468
580.058
580.25
577.425
556.484
576.966
631.653
631.869
589.653
600.866
600.319
603.111
603.085
594.707
635.991
614.953
549.808
603.765
569.461
547.875
587.58
674.855
589.301
607.936
567.203
558.088
552.658
591.882
579.618
603.89
541.642
573.343
628.312
566.512
540.299
624.408
592.423
570.732
609.368
614.169
666.408
657.525
615.345
615.862
606.967
603.245
625.949
599.854
639.853
604.308
566.031
524.624
532.616
516.326
519.535
518.252
510.235
580.782
646.239
599.375
578.402
556.183
542.007
494.649
511.336
489.313
543.095
607.146
660.965
577.508
601.646
554.134
571.864
658.755
575.167
643.281
602.967
558.614
597.002
604.95
595.912
580.068
558.927
531.147
522.99
512.763
514.231
614.763
614.349
580.876
591.585
618.002
647.704
583.609
579.786
567.798
628.26
607.622
608.496
590.632
582.218
532.959
638.901
591.248
620.741
561.201
548.51
529.812
648.063
580.357
578.787
638.11
600.33
554.013
577.059
553.954
542.849
542.065
543.346
541.016
537.778
534.682
536.494
534.53
529.065
528.967
535.721
529.493
533.665
664.174
639.142
642.115
594.114
604.911
555.736
621.352
610.439
672.993
595.97
586.068
556.914
544.484
584.64
607.248
613.695
647.878
704.177
621.876
681.851
632.774
659.843
654.735
619.832
580.221
571.948
532.414
521.958
627.303
599.698
586.749
592.508
633.531
653.574
599.198
582.523
579.125
550.184
713.225
683.236
651.404
642.444
627.985
690.176
681.828
590.671
589.479
704.081
720.05
671.188
652.327
601.589
578.983
574.666
550.974
562.438
533.094
529.513
603.993
665.174
613.221
592.573
686.863
616.41
611.619
679.664
702.163
644.688
654.585
604.114
626.448
672.03
657.328
660.322
644.795
682.55
687.392
693.222
654.977
678.652
645.999
622.607
593.867
691.297
685.627
644.748
663.496
636.508
615.958
660.485
665.701
651.617
668.436
628.799
612.77
660.788
666.192
598.616
645.329
647.097
631.03
662.882
650.088
599.884
609.097
630.44
626.473
583.57
717.734
682.357
703.895
662.951
694.6
680.367
642.117
642.51
605.978
606.694
591.808
735.292
757.103
639.714
657.127
629.046
699.07
662.536
675.704
617.723
589.08
630.209
686.336
676.865
686.405
646.523
600.217
686.591
764.273
702.841
640.247
589.468
689.062
694.446
659.87
649.118
684.241
684.425
716.809
744.595
665.724
656.847
673.863
663.633
714.023
643.252
611.219
591.69
646.288
696.428
748.275
738.874
680.614
648.373
629.927
608.896
593.341
719.546
683.052
732.728
706.28
688.271
674.192
637.089
608.912
594.115
598.105
619.337
593.329
707.399
656.704
615.623
721.201
705.125
631.548
600.859
579.98
561.215
568.178
716.756
728.955
719.568
742.361
728.544
757.481
680.492
625.376
725.999
681.025
644.095
669.987
673.779
718.449
711.438
680.356
632.962
711.894
677.755
652.075
745.61
766.211
714.774
744.827
750.461
684.672
730.461
678.499
688.726
742.637
670.789
788.358
692.294
680.739
732.301
735.46
713.546
683.22
698.629
695.3
645.005
748.215
712.166
678.629
