Win1124H2 Ada6000 576.2.0.0
46.4356
3.4669
3.2128
3.501
2.9142
3.2372
3.1447
4.914
2.8307
2.7442
2.4684
2.447
2.4253
2.2959
2.8145
2.2236
2.8461
2.2698
2.8457
2.7864
2.5903
4.8796
4.7085
4.5128
4.2149
4.1261
3.0938
2.3404
3.1109
3.916
2.5057
2.8468
2.4177
2.4617
2.8725
2.4328
2.7252
2.2155
2.2579
2.3684
2.4095
2.2823
2.2538
2.2601
2.3229
2.6204
2.7392
2.2815
2.753
2.2617
2.8309
2.462
2.5409
4.7612
2.409
2.896
2.2845
2.7824
2.8253
2.5092
2.384
2.1669
2.8819
3.1976
0.9599
0.622
0.6282
0.6136
0.6109
0.9678
0.9682
0.6046
0.6166
0.8899
0.6188
0.6091
0.6389
0.971
0.7801
0.7805
0.7775
0.7494
0.7607
0.7474
0.764
0.738
0.9857
1.0005
0.8144
0.7575
0.7562
0.6878
0.6499
0.643
0.6526
0.6384
0.6574
0.6173
0.668
0.6377
0.6445
0.6383
0.6572
0.6212
0.6691
0.6421
0.6418
0.6183
0.6585
0.6387
0.6193
0.632
0.6369
0.6173
0.6129
0.609
0.6133
0.6158
0.6129
0.61
0.6054
0.6156
0.616
0.6186
0.6259
0.6095
0.5783
0.6041
0.6609
0.6024
0.8135
0.9343
0.5793
0.6637
0.6433
0.6208
0.6233
0.6094
0.5884
0.6107
0.613
0.6056
0.6109
0.6205
0.6155
0.5812
0.5976
0.5947
0.6008
0.6213
0.5903
0.5982
0.604
0.6306
0.6261
0.6028
0.6259
0.6459
0.941
0.8993
0.6514
0.5746
0.5927
0.5953
0.5968
0.5863
0.6168
0.551
0.5988
0.5892
0.61
0.6039
0.6116
0.5553
0.6014
0.6047
0.6181
0.6055
0.6018
0.5754
0.5943
0.5911
0.6571
0.6548
0.6173
0.5746
0.6118
0.6085
0.6306
0.6119
0.6586
0.6163
0.6364
0.6207
0.6238
0.6186
0.6232
0.6084
0.6207
0.6035
0.6232
0.6135
0.6156
0.6424
0.6356
0.6424
0.6316
0.6355
0.9776
0.6927
0.634
0.6276
0.6534
0.6368
0.5646
0.6331
0.6372
0.6343
0.642
0.6504
0.6108
0.6372
0.6318
0.6624
0.6596
0.6529
0.6227
0.6781
0.6596
0.6541
0.6569
0.7986
0.8049
0.7718
0.6915
0.802
0.6661
0.6747
0.6761
0.6667
0.935
0.6789
0.6918
0.678
0.6759
0.6708
0.6732
0.6681
0.6905
0.7619
0.7514
1.3126
0.7849
0.813
0.7332
0.6435
0.717
0.7158
0.7064
0.703
0.7228
0.6654
0.6959
0.7177
0.719
0.7159
0.7189
0.6879
0.7112
0.7099
0.7386
0.7189
1.084
0.7772
0.7665
0.718
0.7208
0.7383
0.9309
0.7905
0.7593
0.8458
0.8225
0.8657
0.7549
1.2072
0.8102
0.7484
0.7614
0.745
1.1736
0.7951
0.7609
0.7064
0.694
0.6783
0.6115
0.6884
0.7799
0.7654
0.779
0.7945
0.7592
1.1305
1.0267
0.7308
0.759
1.0233
0.8333
0.7943
0.9797
0.931
1.3066
0.9744
0.8237
0.8123
0.6978
0.6745
0.7007
0.7904
0.6646
0.9894
0.7014
0.6786
0.6674
0.6687
0.6654
0.8805
0.6703
0.6545
0.728
1.0246
0.8125
0.7462
0.697
0.6696
0.7001
0.7009
1.0495
0.9417
0.7307
0.7943
0.7934
0.7288
0.789
0.8957
0.7209
0.6767
0.6711
0.6254
0.6991
0.6641
0.6577
0.6521
0.6552
0.6344
0.6686
0.757
0.6455
0.6395
0.6661
0.6307
0.6385
0.6328
0.6418
0.9767
0.6938
0.7088
0.6311
0.6344
0.6348
0.6259
0.6129
0.6137
0.7003
0.6681
0.6458
0.7568
0.6183
0.6806
0.6517
0.8761
0.6165
0.5995
0.5728
0.6034
0.613
0.6031
0.5926
0.5967
0.5801
0.6016
0.5972
0.5915
0.5959
0.5952
0.5657
0.5638
0.5656
0.6471
0.6209
0.5781
0.5681
0.6053
0.6112
0.6041
0.596
0.6247
0.8735
1.0877
1.047
0.5986
0.5547
0.5635
0.5415
0.5339
0.547
0.5566
0.5566
0.5131
0.5466
0.5478
0.5508
0.5542
0.988
0.8944
0.6399
0.5953
0.5982
0.5675
0.9395
0.8297
0.6387
0.6782
0.9298
0.6611
0.6185
0.5921
0.9229
0.6359
0.6111
1.0069
0.6104
0.703
1.0351
0.8891
0.6702
0.6313
0.6679
0.6891
0.6325
0.6258
0.6988
0.6897
0.6272
0.6123
0.6864
0.6384
0.6466
0.638
0.6344
0.6441
0.6634
0.7246
0.7332
0.7209
0.6212
0.7111
0.7484
0.6817
0.6929
0.7107
0.6564
0.6736
0.6906
0.6714
0.696
0.6933
0.6821
0.6841
0.7064
0.6947
0.7525
1.1194
0.7075
0.6934
0.7049
0.6945
0.729
0.7283
1.0009
0.7444
1.0291
0.9085
1.032
0.7441
0.7539
0.7727
0.7986
0.924
0.7488
0.9268
1.0524
0.9604
1.0143
1.026
0.7277
0.9956
3.8905
0.9599
1.0523
1.045
1.0814
0.9021
1.0462
1.1514
1.0278
1.1623
1.1891
0.9106
1.0189
0.9558
1.0518
1.1747
1.0773
0.9657
1.1205
1.0932
1.1343
1.0854
1.137
0.975
1.0007
1.1012
1.1992
1.1535
1.005
0.8563
0.8855
0.9666
1.2767
1.0263
0.9792
1.1358
1.2778
1.3024
1.2408
1.2084
1.1042
1.1959
1.187
1.0784
1.0108
0.9845
0.8513
0.9872
1.0693
1.0229
0.9333
1.2472
0.8813
1.004
0.9778
0.9422
0.9748
1.0234
0.8908
0.8476
0.9813
1.0163
1.0365
1.0191
0.8532
0.8026
0.7853
0.7858
0.8271
0.8028
0.8157
0.8519
1.0963
0.8926
0.8151
0.7854
0.7848
0.7524
0.7567
0.7435
0.7581
0.7157
0.7566
1.0797
0.8221
0.8799
0.9936
0.8902
0.8212
0.7834
0.8007
1.1309
1.1468
0.7437
0.749
1.0561
1.1149
0.7973
0.7495
0.9816
1.0645
1.2526
1.2229
1.274
1.2175
1.0823
1.1816
1.0596
1.2998
1.139
1.2246
1.0891
1.0575
1.1814
1.0714
1.1334
1.0423
1.0094
0.9483
0.9713
0.8456
0.9589
0.9731
0.9554
1.1077
0.9906
1.0406
1.0419
0.7826
0.7749
0.7793
0.7648
0.7944
0.7862
0.7495
0.7677
0.8215
0.8468
0.7722
0.7726
0.7482
0.7504
0.7184
0.7174
0.7222
0.7835
0.7315
0.7277
0.7389
0.7975
0.7963
0.7376
0.7337
0.7289
0.707
0.698
0.7496
0.7231
0.7137
0.7239
0.7176
0.7168
0.7608
0.7012
0.7248
0.7107
0.738
0.7175
0.7222
0.6532
0.6875
0.6883
0.6931
0.7352
0.7279
0.6776
0.7328
0.7864
0.7381
0.7304
0.7329
0.6801
0.6977
1.0418
0.7294
0.7026
0.7007
0.7121
0.7241
0.7089
0.708
0.7068
0.7184
0.7007
0.706
0.7123
0.7486
0.7273
0.7809
0.7788
0.7277
0.7123
0.707
0.712
0.7125
0.7385
0.7209
0.7165
0.718
0.7166
0.6685
0.7264
0.7263
0.7198
0.7186
0.7204
0.707
0.7157
0.717
0.7498
0.7439
0.7187
0.6905
0.7175
0.7245
0.7313
0.7521
0.7226
0.7135
0.7229
0.727
0.7203
0.7306
0.733
0.719
0.7132
0.7982
0.7465
0.7301
0.7332
0.8024
0.7361
0.7196
0.7212
0.7335
0.7149
0.7242
0.7286
0.7265
0.7158
0.7202
0.7115
0.7265
0.7235
0.7236
0.7125
0.7565
0.6826
0.7245
0.7222
0.7554
0.8671
0.8372
0.7033
0.7199
0.7308
0.7569
0.7274
0.7395
0.7046
0.7247
0.7187
0.7356
0.7182
0.7287
0.7052
0.7289
0.7139
0.7237
0.7289
0.7394
0.724
0.743
0.7533
0.7497
0.7305
1.0148
0.7486
0.9751
0.8477
0.7651
0.7502
0.7119
0.9797
0.7688
0.7303
1.0025
0.9646
0.6602
0.7257
0.7365
0.7277
1.1266
1.3714
0.737
1.0423
0.9912
0.9733
0.7655
0.7444
0.9394
1.01
0.7929
0.7672
0.7545
0.7473
0.999
0.7455
0.7427
0.8653
0.8802
0.8013
0.7903
0.8244
0.809
0.7753
0.8073
0.9894
0.7648
0.7371
0.7607
0.7465
0.7416
0.7067
0.7292
0.7232
0.734
0.7283
0.7484
0.6706
1.232
1.6623
1.8091
1.0229
0.8748
0.713
0.7395
0.7811
0.8028
0.7364
1.2471
0.8138
0.7592
0.7443
0.7633
0.7577
0.9256
0.8449
0.8111
0.9817
0.7976
0.7702
0.8535
0.8096
0.8156
0.7635
0.7639
1.2104
0.8311
0.7747
0.7682
0.7815
0.844
1.1767
0.9572
1.0955
1.4497
1.7176
0.9497
1.015
0.784
0.7793
1.0652
0.9858
0.9875
0.9897
0.8265
0.7646
0.8086
0.7777
0.85
0.7793
1.0245
0.7718
1.0744
1.2622
1.0968
0.8504
0.7923
0.7803
1.0985
0.9862
0.9882
0.9855
1.0047
0.7769
0.7678
0.8149
0.8052
0.796
1.021
1.0807
1.2491
0.8608
0.7997
0.7895
0.821
0.7816
0.7907
0.7733
0.7958
0.7222
0.7742
0.7717
0.7789
0.8255
0.857
0.7624
0.7913
0.7892
0.789
0.7981
0.7944
0.7646
0.7829
0.7874
0.8139
0.7792
1.3232
0.881
0.8015
0.7274
0.7192
0.6792
0.7171
0.6592
0.7444
0.7126
1.1863
1.0053
0.8954
0.8548
0.8939
0.8369
0.845
0.843
0.8815
0.9455
0.8523
0.8308
0.8663
0.8707
0.7917
0.848
0.9633
0.8751
0.7682
0.684
0.6877
0.6815
0.6782
0.6745
0.707
0.6844
0.6561
0.6836
0.6902
0.675
0.6618
0.7324
0.7476
0.7365
0.7457
0.7557
0.775
0.752
1.0446
0.7915
0.7444
0.7516
0.7577
0.9354
0.9825
0.7986
0.9246
0.8884
0.8151
0.7981
0.8286
0.8412
0.9574
1.0268
0.9319
0.7504
1.0224
0.9442
0.8298
0.9262
0.9698
0.7891
0.9259
0.9674
3.3455
1.033
1.1606
0.8754
1.0729
1.1234
1.0611
1.1678
1.1785
0.9673
0.9883
1.1046
1.1346
1.0047
1.1643
0.9084
1.0186
1.0993
1.0691
1.0662
1.0198
0.8591
0.9716
1.0679
1.192
1.0086
1.0753
1.0029
0.9617
1.0149
1.0277
1.0195
1.0044
1.0482
0.9477
1.338
1.3172
1.0825
0.9819
0.8288
0.7894
0.9704
0.9803
1.2637
0.8951
0.7885
0.786
1.1429
1.12
1.0814
1.0012
0.9683
1.1043
1.2037
1.0804
1.0935
0.9538
0.9851
1.0725
1.0938
1.0953
1.0936
0.9635
0.9893
1.0808
0.9713
0.9448
1.0101
0.9467
0.8534
0.9622
1.0361
1.0545
1.0281
1.0272
0.9493
0.9711
0.8933
0.9884
0.8123
0.8427
0.7954
0.7898
1.3408
1.0281
0.8393
0.8224
0.7918
0.7788
0.7683
0.7721
0.7328
0.7752
0.8055
0.7679
0.766
0.7856
0.7436
0.7715
0.7625
0.7858
0.768
0.9373
0.7601
0.7915
0.7477
0.7447
0.7569
0.7559
0.7647
0.7447
0.7388
0.7529
0.7546
0.749
0.7396
0.8769
0.7644
0.7382
0.7373
0.7057
0.7331
0.7779
0.7869
0.75
0.741
0.6894
0.7501
0.7328
0.7311
0.7359
0.7359
0.7483
0.7375
0.7449
0.7314
0.7382
0.7359
0.7148
0.7199
0.7496
0.7401
0.7364
0.842
0.8097
0.7628
0.74
0.7352
0.7358
0.7334
0.7246
0.7178
0.7436
0.7518
0.7384
0.7432
0.7839
0.7344
0.7372
0.7389
0.7592
0.7208
0.7459
0.7772
0.7898
0.7957
0.7489
0.6757
0.7479
0.7614
0.7455
0.7512
0.7577
0.7261
0.7504
0.7499
0.7842
0.8021
0.7975
0.7324
0.7708
0.7455
0.7512
0.8044
0.7713
1.0773
0.9961
0.8116
0.7651
0.7651
0.7676
0.7399
0.7975
0.757
1.1432
0.9774
1.0232
0.8285
0.8046
0.7837
0.7783
0.7927
0.773
4.1429
0.8648
0.8345
0.8223
0.8102
1.1938
1.1896
0.8547
0.8672
0.8732
0.8663
0.8262
0.871
1.1736
1.755
0.9033
0.891
0.8668
0.8664
0.8769
0.9162
0.9617
0.9589
0.8859
0.8963
1.1184
0.9259
0.9106
1.0428
1.0066
1.0717
0.9961
0.9795
0.992
0.9392
0.9607
1.0066
0.9279
0.9206
0.9209
1.0077
1.149
1.1442
1.0733
1.2109
1.1451
1.0768
1.1578
1.1461
1.1422
0.9839
1.0858
0.9813
0.9963
0.991
1.0236
0.9866
1.0369
0.9427
1.0139
1.0281
1.1443
1.0863
1.0231
0.9801
1.1212
1
1.0194
0.9154
0.8924
0.8763
0.8618
0.8748
0.8806
0.853
0.9365
0.8803
0.8879
0.8585
0.8968
0.9929
1.0503
1.0297
1.0238
1.0261
1.0222
1.0282
0.9744
0.9573
1.0227
0.9751
0.9855
0.9225
0.7551
0.8219
0.7957
0.8348
0.9729
0.9947
1.0513
0.9484
0.8524
1.0963
0.8093
0.7922
0.7714
0.7701
0.7756
0.7873
0.9035
1.0392
1.1224
1.1662
1.0982
1.2824
1.1673
1.3593
1.101
0.9625
1.1678
1.141
1.2774
1.1054
1.1499
1.0022
1.0626
1.1923
1.3282
1.0996
1.0794
1.0229
1.0914
1.1064
1.1009
0.9934
1.0809
1.2143
1.1493
1.0895
1.1142
0.8902
0.9689
1.0395
1.0407
0.9542
0.9804
0.9103
0.9701
1.0575
1.0311
1.0427
1.0156
0.8649
0.9325
1.0266
0.9967
0.9843
0.9892
0.8996
0.8163
0.7999
0.9643
0.9915
0.9666
0.8544
0.7856
0.7723
0.7749
0.8318
0.8267
0.7618
1.2988
1.2916
0.8346
0.862
0.7707
0.7841
0.7792
0.7654
0.7628
0.7856
0.7308
0.7586
0.771
0.755
0.7913
0.7856
0.7452
0.7513
0.7636
0.8495
0.7952
0.7613
0.7732
0.7563
0.7786
0.7809
0.7609
0.7511
0.7455
0.7401
0.7909
0.7432
0.7496
0.7834
0.7542
0.7478
0.7762
0.7449
0.9273
0.7502
1.1298
0.7793
0.7566
0.7503
0.7609
0.7262
0.7778
0.7384
0.7481
0.7352
0.7765
0.7119
0.7787
0.8356
0.771
1.1195
0.7844
0.7196
0.7791
0.828
0.7748
0.7672
0.7853
0.8204
0.8184
0.8405
1.0162
0.8057
0.859
0.7567
0.8008
0.8037
0.8535
0.9819
0.9828
0.8625
1.3925
1.9264
0.9262
0.8571
0.9345
0.841
0.7914
0.815
0.7986
1.2917
0.8381
0.8165
0.7776
0.78
0.7844
0.7823
0.7325
0.7828
0.8771
1.3292
0.9633
0.8396
0.7653
1.0607
1.0546
0.8377
1.098
1.057
0.8192
1.125
0.8155
1.1118
1.2321
1.1808
1.1554
1.2077
1.1639
1.1939
1.1361
1.1133
1.0077
1.0837
1.2401
1.1142
1.239
1.1129
1.0872
1.1039
1.2474
1.1232
1.0907
1.0309
1.1281
1.1389
1.0989
1.0729
1.0947
0.987
1.0917
1.0266
1.0538
0.9635
3.777
0.8932
1.0414
1.1439
1.1126
1.0933
1.1003
0.9621
1.0134
1.0885
1.0595
1.1196
1.0961
0.8527
0.9919
1.0559
1.0483
0.9899
1.0159
0.9331
0.9795
0.9735
1.0573
0.9586
1.0282
0.7771
1.016
1.0574
1.0269
0.9427
0.8577
0.845
0.8436
0.8485
1.0167
1.0363
1.115
0.883
0.8505
1.1267
0.9999
0.9417
0.9417
1.1679
0.9011
0.7919
0.7829
0.7908
1.0603
0.8303
0.6815
0.7004
0.7787
0.8631
0.836
0.7561
0.806
0.7994
0.7924
0.8
0.7618
0.7155
0.6855
0.7664
0.6945
0.6833
0.6842
0.6688
0.7202
0.7186
0.6949
0.6818
0.6589
0.6649
0.7953
0.6564
0.6714
0.6133
0.6461
0.7763
0.6488
0.6491
0.6405
0.5796
0.6437
0.7743
0.7752
0.649
0.6779
0.5876
0.6281
0.7954
0.6399
0.6595
0.9945
0.7471
0.6445
0.6265
0.6303
0.625
0.6462
0.6016
0.6191
0.6519
0.634
0.8897
0.9181
1.1319
0.6957
0.664
0.6618
0.65
0.6293
0.6224
0.6873
0.6336
0.6414
1.0414
0.6294
0.6511
0.6654
0.667
0.6687
0.696
0.6484
0.9809
0.9769
0.9557
1.0786
1.0231
0.6634
0.6752
0.695
0.6938
0.6933
0.6839
0.6773
1.025
1.0241
1.0909
0.7694
0.7244
0.6983
1.0921
1.1951
0.7707
1.0319
1.3847
0.786
0.7386
0.7448
0.7721
0.7876
0.7857
0.8075
1.1081
0.8953
1.1423
1.2514
1.0884
1.1085
1.106
1.2611
1.197
1.1959
1.0083
1.1361
1.1036
1.1116
0.9813
1.0144
0.8654
0.9742
1.0074
1.0212
1.0082
0.9848
0.8259
0.8493
0.8127
0.9798
1.0889
1.0995
0.9702
1.0239
1.0861
1.1174
1.0906
1.146
1.0243
1.0689
1.1471
1.2181
1.1795
1.1112
0.9619
1.1542
1.1308
1.2194
1.0008
0.9417
0.9412
0.9684
0.9444
0.9571
0.9779
0.9568
0.9765
0.95
0.9325
0.9876
0.9632
0.919
0.9077
0.9332
0.9396
0.9455
0.9244
0.8991
0.9371
0.8819
0.9357
1.0032
1.1187
0.9302
0.875
0.888
0.9051
0.9956
0.9087
0.8903
0.8435
0.8523
0.8885
0.8584
0.8505
0.8676
0.8546
0.8902
0.8391
0.9272
0.8672
0.8219
0.8202
0.8199
0.8061
0.8129
0.7496
0.8596
0.8162
0.966
0.9189
0.9388
0.7738
0.7986
0.783
0.7836
0.8473
0.9344
0.7819
0.8264
0.8076
0.7926
0.7958
0.7983
0.758
0.8477
0.7585
0.7687
0.8102
0.8002
0.7626
0.7916
0.7717
0.7975
0.7722
0.8324
0.8358
0.7891
0.7723
0.7784
1.0076
0.7613
0.817
0.8077
0.828
0.8029
0.7919
0.7324
0.7377
0.7423
0.8219
0.8044
0.7459
0.7157
0.7444
0.8425
0.7941
0.7819
0.7487
0.7112
0.7917
0.7503
0.7551
0.7296
0.7248
0.6954
0.7195
0.737
0.7202
0.7242
0.7216
0.7178
0.7097
0.7017
0.6548
0.7452
0.8217
1.0399
1.0784
1.2159
1.0387
1.2886
1.108
1.1037
1.0727
1.2024
1.0843
1.198
1.0658
1.1956
1.0843
1.1032
1.0723
1.0465
0.8948
1.0364
1.0962
1.1017
1.0852
1.0944
0.9873
1.132
1.1035
1.1509
1.1449
1.0493
1.0454
0.8926
1.1203
1.0596
1.05
1.0435
1.1003
0.9969
1.0265
1.0147
0.9985
0.8904
0.8494
0.85
1.1632
0.9842
0.9162
0.9629
0.9471
0.8336
0.8556
0.9447
0.9043
0.9107
0.8361
0.8763
0.9278
0.8354
0.8508
0.7596
0.7698
0.759
0.8199
0.7977
0.7685
0.7181
0.7515
0.7254
1.0354
0.92
0.976
0.7018
0.6494
0.7427
0.7018
0.6774
0.6817
0.6692
0.6678
0.6743
0.6636
0.9381
0.6264
0.9971
0.6462
0.5992
0.5878
0.6037
0.5874
0.9304
0.6516
0.6128
0.5802
0.5807
0.5742
0.5863
0.907
0.6324
0.6057
0.6101
0.5724
0.6326
0.6016
0.9901
0.6512
0.6101
0.5506
1.0198
0.6585
0.7357
0.614
0.5849
0.5374
0.6209
0.5925
0.6314
0.5897
0.59
0.568
0.8683
0.861
0.599
0.5921
0.8884
0.5811
0.5933
0.5935
0.8935
0.5885
0.6505
1.06
0.6439
0.593
0.6048
0.5989
2.3385
2.42
2.5999
2.6492
2.3886
2.6056
2.2444
3.1114
2.0853
2.1337
2.8922
2.3566
2.573
2.5569
1.9531
2.005
2.1992
2.1
3.3199
2.0081
1.8831
1.9301
1.8996
2.0931
2.0079
2.4492
1.992
1.9463
1.9597
1.8939
1.9264
1.8507
2.1478
2.0446
2.3618
2.254
2.2296
2.1142
2.7061
2.185
2.1765
4.4751
2.0284
1.9411
1.8459
1.9065
1.9558
2.2942
2.1143
2.1987
2.0463
1.9305
2.0462
2.0506
1.9218
2.2058
2.0627
2.1188
2.1818
1.9805
4.537
2.0555
1.9647
2.3616
0.7622
0.6977
0.6728
0.6771
0.6681
0.674
0.681
0.7566
0.6872
0.6732
1.0902
0.9203
0.9505
1.0456
0.7611
0.6782
0.7078
0.6348
0.6729
0.6748
0.6996
0.6706
0.6793
1.0399
1.0575
1.0377
0.9896
0.7289
0.6936
1.0963
0.7903
1.1274
1.3846
0.7429
1.1546
1.0482
0.7254
0.6787
0.6744
1.0064
0.7368
0.6879
1.0568
0.8423
0.7545
0.679
0.6652
1.0733
1.1412
1.5175
0.7164
0.8191
1.0655
1.112
1.0813
1.0442
1.0893
1.0516
1.0203
0.992
1.0159
1.0462
1.0328
0.9826
1.0442
1.7181
1.0118
1.1042
1.1198
1.0217
1.0065
1.0417
1.0064
0.9791
1.0149
1.0398
1.0273
1.038
1.0331
1.1804
1.0957
1.1609
1.0232
1.1305
1.1288
1.1358
1.1336
1.1158
1.1235
1.1251
1.1584
1.1232
1.0757
0.9624
1.0138
1.0946
1.1269
1.1166
1.1016
0.9395
0.8899
0.7929
0.801
0.7849
0.8345
0.7523
0.7828
0.7765
0.8214
0.7992
0.7993
0.7643
0.8859
0.8462
0.7941
0.7824
0.7908
0.7689
0.7671
0.766
0.7755
0.7688
0.7733
0.7705
0.7702
0.7643
0.7677
0.7597
0.8102
0.7606
0.7546
0.7489
1.2669
0.8476
0.7385
0.7475
0.7717
0.7494
0.7596
0.7518
0.7424
0.7494
0.7372
0.7343
0.7551
0.8928
0.7704
0.7453
0.7388
0.7436
0.7473
0.7554
0.8933
0.8573
0.781
0.8242
0.7785
0.7828
0.7829
0.7994
0.7824
0.7766
0.8141
0.815
0.7954
1.0851
0.8067
0.7698
1.101
0.8091
0.8749
0.7792
0.7703
0.7803
0.7598
0.7184
0.7704
0.7478
0.8018
0.759
1.0166
0.7642
0.7547
0.7597
1.078
0.807
0.7632
1.0277
1.1058
0.954
1.2974
0.9692
0.8544
0.749
0.7787
0.7721
0.7622
0.7634
0.771
0.7338
0.7638
1.1009
0.8259
0.7599
0.7732
0.7392
1.0077
0.7386
0.7454
1.1273
0.8255
0.7619
0.7463
0.749
0.747
0.7508
0.7272
0.745
0.7837
0.745
0.7547
0.7492
0.7018
0.7314
0.7621
0.729
0.7217
0.7345
0.7061
0.7508
1.1
1.0033
0.8154
0.8096
0.71
0.7291
0.7393
0.7205
0.7133
0.7486
0.7178
0.7163
0.7317
2.5381
1.65
1.2276
1.2234
0.8262
0.7309
1.1337
1.1277
0.9621
0.7814
1.2773
0.8135
0.729
0.7968
0.9523
1.0087
0.7439
1.041
0.8021
0.7655
0.6706
0.7168
0.7081
0.7002
0.7105
0.725
0.662
0.6838
0.6927
0.6962
0.6846
0.9714
0.9953
0.7413
0.6916
0.6858
1.0222
0.7786
0.949
1.0244
1.108
0.963
0.9596
0.9817
0.938
0.9653
0.958
0.9544
1.025
0.9288
0.8841
0.8897
1.03
0.8931
1.0268
0.9624
0.9974
0.9314
1.072
0.8907
0.8388
0.8135
1.1154
0.9328
0.9278
0.8457
1.0302
0.799
0.824
0.994
1.0254
0.7001
0.7879
0.6686
0.6941
0.7426
0.6833
1.079
0.7116
0.6592
0.6805
0.7026
0.6861
0.6791
0.9969
0.8424
0.9322
0.9346
0.9397
0.9422
1.0215
0.8644
0.9202
0.9399
0.934
0.7546
0.7542
0.7362
0.7388
0.7349
0.7418
0.7581
0.705
0.7071
0.7347
0.7378
0.7469
0.7379
0.7189
0.7479
0.6918
0.752
0.7457
0.697
0.6552
0.6744
0.8345
0.6951
0.6983
0.7053
0.7707
0.6578
0.667
0.6658
0.6582
0.779
0.7289
0.6651
0.7504
0.746
0.6872
0.75
0.7297
0.7946
0.8076
0.7679
0.7421
0.7754
0.7315
0.7712
0.7068
0.7614
0.7256
0.7042
0.7012
0.7075
0.7028
0.704
0.6994
0.6853
0.7135
0.727
0.7015
0.7106
0.7682
1.0632
0.7796
0.7228
0.7025
0.703
0.7167
0.6804
0.6919
0.7121
0.7139
0.7118
1.1866
1.1187
0.7566
1.1773
0.8416
0.7722
0.7158
0.7467
0.7526
0.7141
0.76
0.7441
0.7313
0.7252
1.0992
0.7842
0.7358
0.7475
1.1691
0.8328
0.7357
0.7175
0.8913
0.7952
0.942
0.78
2.6372
1.2398
1.1254
1.1444
1.0877
1.0191
0.9568
0.9691
0.971
0.9623
0.9449
0.9669
0.9802
1.073
1.0256
1.208
1.066
1.0512
1.034
1.0466
1.0277
1.1171
1.0338
1.0467
1.0905
1.144
1.0875
1.112
1.1183
1.1537
1.0879
1.088
1.0844
1.1224
1.1117
1.0898
1.0842
1.1788
1.115
1.0696
1.1157
1.1359
1.1243
1.3284
1.2405
1.136
1.1403
1.1339
1.1412
1.132
1.135
1.0864
1.1358
1.155
1.0993
1.0934
1.1558
1.141
1.1097
1.1164
1.064
1.077
1.0556
1.0542
1.0666
1.0734
1.0656
1.0838
1.081
1.0212
1.0299
1.1268
1.075
4.1909
1.0492
1.0613
1.0138
1.046
1.0071
1.0158
0.9589
1.0165
1.0248
1.0726
0.9642
1.0451
0.9766
1.0196
1.0502
1.2142
1.1494
1.0261
1.0908
1.0691
0.9924
1.0127
1.0286
1.1003
1.3141
1.0238
0.9847
1.0104
1.1408
1.0384
0.9629
1.1032
0.9472
0.9633
0.948
1.1799
1.4248
0.9745
1.155
1.0247
1.125
0.9535
1.0064
0.9836
0.9476
0.9625
0.9598
0.962
0.9579
1.1429
1.0759
1.3812
1.2636
1.2881
1.3628
1.2604
1.1887
1.1611
1.1421
0.9802
1.0968
1.2441
1.1916
1.3202
1.5548
1.1748
1.118
1.1573
1.1731
1.1976
1.1763
1.0327
1.1934
1.3239
1.1145
1.1439
1.1014
0.9981
1.0191
1.0264
1.1805
1.1118
1.1509
1.0797
1.3978
1.1518
1.2464
1.0827
1.1936
1.2439
1.2279
1.2878
1.1337
1.2023
1.0351
1.0487
1.1271
1.1236
1.1649
1.1555
1.0062
1
1.1718
1.0895
1.0774
1.0813
0.9238
0.9522
1.0419
1.1579
1.2162
1.1204
0.932
0.9941
1.0684
1.0654
1.1805
1.071
0.9015
0.9874
1.076
1.0726
1.0582
1.0493
0.9478
0.9967
1.052
1.0475
1.3377
1.1363
0.9214
1.0815
1.0492
1.0421
1.0256
1.1482
1.0224
0.9686
0.8855
1.0648
1.0319
0.8755
0.8184
1.141
1.0103
1.0101
1.0101
0.8613
0.8038
0.8165
0.8621
0.8602
0.8229
0.794
0.9033
0.856
0.9498
0.9292
1.0128
0.8625
0.8123
0.835
1.0149
1.0368
0.9928
1.1532
0.8072
0.8101
0.7899
0.791
0.866
0.9549
0.8214
0.8407
0.7963
0.7986
0.7545
0.9913
0.9951
1.1846
0.834
0.9938
0.773
0.7948
0.7904
0.8009
0.7837
0.803
0.783
1.2946
0.838
0.8001
0.7935
0.7883
0.7719
1.0488
1.0079
1.0677
1.0157
1.2212
0.8057
1.239
1.0175
0.9148
0.9585
0.8991
0.9701
1.0545
1.0043
1.0072
1.0097
1.0208
0.8833
0.8189
0.8076
0.8424
1.0156
1.0012
1.0123
1.0325
0.9841
1.0228
1.0879
0.938
1.1671
1.132
1.2117
1.1538
1.1385
0.9668
1.0646
1.0747
1.0742
1.0736
1.0743
1.2997
1.074
1.0851
1.0863
1.1043
1.094
0.9547
1.1767
1.1661
1.1741
1.0808
1.0222
0.9803
0.9748
1.0437
0.9879
1.1059
0.9503
0.9577
0.974
1.0097
0.9918
1.0384
0.9789
1.0112
0.9746
1.0251
0.9823
0.9913
0.8638
1.0023
0.9869
1.0183
1.053
1.0218
0.9499
1.003
0.9888
1.0014
0.9936
1.0084
0.972
0.9963
0.9836
1.0088
0.996
1.067
1.0913
1.0365
1.0052
1.0045
0.9937
1.0071
0.9762
1.0023
0.9896
1.0447
1.0021
0.9966
0.9934
1.004
1.0268
0.9991
0.9701
1.005
1.0022
0.9874
0.9836
1.0025
1.0003
0.9533
0.9999
1.0023
0.9783
0.9894
1.2171
1.0423
1.2023
1.0619
1.0288
1.3082
1.28
1.2042
1.2731
1.1796
0.9957
1.0127
1.2095
1.1722
1.2098
1.2164
1.1343
1.0671
1.0149
0.9944
0.9943
1.0185
1.1524
1.4471
1.322
1.1918
1.7062
2.6873
1.3242
1.3282
1.3022
1.3084
1.2423
1.2612
1.2006
1.2141
1.1347
1.3221
1.1553
1.3123
1.2185
1.3179
1.0252
1.1467
1.2855
1.1974
1.1137
1.226
0.9568
1.1927
1.1556
1.2361
1.1582
1.2398
0.9182
1.0494
1.1294
1.1328
1.1701
1.1424
1.0221
1.0549
1.1481
1.1136
1.0951
1.0921
1.1894
1.1103
1.0866
1.1996
1.1731
1.1456
1.2215
1.3014
1.2457
1.3126
1.1018
1.1848
1.298
1.1199
1.2486
1.246
1.1691
0.9686
1.0917
1.28
1.0553
1.3619
1.1699
0.9949
0.9577
1.0297
1.3713
1.3225
1.069
0.927
0.8605
0.8942
0.8217
0.9008
1.0074
1.0337
0.9912
1.1085
1.1181
1.1447
1.073
1.1346
1.2488
1.2574
1.0016
1.1001
1.3219
1.0075
1.0238
1.2048
1.1405
1.1072
0.981
1.0631
1.1225
1.1472
1.0514
1.0308
0.8433
1.0682
0.9828
1.0702
0.8058
0.9877
0.751
0.8433
0.874
0.913
1.0975
1.0314
0.8839
0.9169
0.8133
0.7781
0.8265
0.8391
0.7712
0.7824
0.7833
0.7834
0.772
0.7834
0.7754
0.8539
0.7593
0.7458
0.7286
1.0734
0.8044
0.7243
0.7712
0.7675
0.7138
0.7555
0.7053
0.7087
0.7077
0.7284
0.695
0.649
0.6935
0.7163
0.6931
0.6931
0.7836
0.63
0.682
0.6953
0.6975
0.7011
0.7216
0.6819
0.7919
0.7253
0.8002
0.679
0.7047
0.6591
0.6741
0.6762
0.6478
0.6532
0.6697
0.704
0.7477
1.0376
0.8111
1.0237
1.1039
1.1945
1.1837
1.0685
1.0639
0.9329
0.8997
2.9601
0.9601
1.0058
0.9886
0.9021
0.7996
0.8271
0.8285
0.8161
0.8315
0.9841
0.7988
0.9599
1.0229
0.9805
1.0437
1.0499
0.8588
0.803
0.8319
0.8405
0.755
0.7529
0.7379
0.7498
0.7575
0.7636
0.7671
0.7991
0.7478
0.861
0.7916
0.7809
0.7747
0.757
0.7197
0.7515
0.7383
0.7407
0.7856
0.765
0.7917
1.0001
0.9758
0.9493
1.1173
1.0099
0.9164
1.1318
1.0648
1.0002
1.029
0.7831
0.7352
0.7335
0.7465
0.7297
0.7301
0.7045
1.0893
0.7525
0.7133
0.7063
0.7097
0.7563
0.7402
0.7076
0.7204
0.9686
0.828
0.7624
0.7668
0.7888
0.73
0.7608
0.8108
0.8387
0.8488
1.0529
0.7159
0.7027
0.932
0.6903
0.6805
0.6907
0.6913
1.0436
0.9355
0.6904
0.6873
0.6883
0.69
0.7028
0.6509
0.6827
0.6851
0.6702
0.6786
0.6761
0.6073
0.6812
0.6922
0.6797
0.7317
0.7028
0.6427
0.6909
0.6788
0.6894
0.6898
1.1407
0.6804
0.6894
0.693
0.8134
0.7413
0.7052
0.6683
0.7052
0.7031
0.7104
0.7615
0.7159
0.7027
0.7906
0.7359
0.7022
0.7093
0.6995
0.7029
2.0521
0.948
0.7517
0.7691
0.7123
0.759
0.7312
0.7484
0.7387
0.751
0.6776
0.7503
0.8012
0.6646
0.6661
0.6411
0.5904
0.6565
0.6343
0.6292
0.7054
0.6537
0.6101
0.6601
0.6943
0.6897
0.6887
0.6723
0.6733
0.6892
0.6745
0.6697
0.699
0.6706
0.6959
0.664
0.7424
0.6852
0.7661
0.8733
0.7939
0.8859
0.922
0.9029
0.9437
0.8464
0.8076
0.8424
0.801
0.79
0.8825
0.7778
0.7937
0.8639
0.7933
0.8006
0.8002
0.7455
0.8
0.7971
0.9029
0.8387
0.8527
0.7747
0.8325
0.7932
0.8245
0.8093
0.8154
0.7847
0.804
0.7985
0.8116
0.8177
0.8234
0.8048
0.814
0.806
1.0566
1.529
0.9304
0.927
0.8971
0.8923
0.883
0.8745
0.8796
0.8798
0.8852
0.9047
0.9148
0.8985
0.815
1.1454
1.1627
0.8982
0.8571
0.8804
0.82
0.8681
1.1373
0.8527
0.8661
0.9497
0.857
0.7571
0.7775
0.8136
0.9307
1.0912
0.8436
0.9561
1.3114
2.2192
0.9375
0.8911
0.7504
0.749
0.8666
0.763
0.8986
0.8643
0.9344
0.8391
0.883
0.7496
0.7478
0.7265
0.7624
0.7428
0.9098
0.8837
0.7442
0.6575
0.7195
0.7408
0.76
0.7198
0.7564
0.717
0.8845
0.8214
0.8221
0.871
0.8951
0.7719
0.8169
0.8544
0.9201
0.8323
0.8264
0.7987
0.7798
0.816
0.817
0.8133
0.8033
0.7827
0.7926
0.8116
0.7828
0.8996
0.8773
0.8062
0.7967
0.8434
0.8544
0.8804
0.8413
0.7909
0.8539
0.8049
0.8018
0.8448
0.7741
0.8032
0.8025
0.7899
0.8184
0.8106
0.7282
0.7909
0.8151
0.8014
0.8012
0.7985
1.1449
1.0802
1.1017
4.2897
0.8307
0.8073
0.8021
0.7853
0.8219
0.7965
0.7906
0.7764
0.7869
0.9255
0.8235
0.8226
0.8189
0.7936
0.7855
0.7845
0.7938
0.7739
0.7906
0.803
0.8865
0.8104
0.8298
0.7735
0.8633
0.7966
0.7762
0.7787
0.7995
0.9628
0.9014
0.7233
0.7956
0.699
0.6925
0.6899
0.7132
0.6483
0.6888
0.7131
0.6886
0.6787
0.6884
0.6688
0.7018
0.9661
0.6857
0.6908
0.6923
1.1107
0.7927
0.6828
0.6967
0.6845
0.6763
0.6825
0.6732
0.6745
0.7041
1.0317
0.8184
0.7849
1.0782
0.7799
0.77
0.9394
0.8214
0.7954
0.8799
0.867
0.7306
0.9739
0.8607
0.6515
0.6664
0.654
0.6701
0.7089
0.6728
0.65
0.6549
0.6902
0.649
0.6599
0.6276
0.643
0.6688
0.8083
0.8406
0.6619
0.6396
0.6804
0.7165
0.657
0.674
0.6524
0.6451
0.6496
0.6878
0.6536
0.8368
0.6567
0.6497
0.6551
0.8722
0.6519
0.6721
0.7739
0.6882
0.6424
0.6558
0.7507
0.641
0.6359
0.844
0.8363
0.6853
0.7944
0.644
0.5956
0.6408
0.6825
0.9416
0.6511
0.7889
0.6016
0.6423
0.6452
0.6534
0.6442
0.6966
0.9048
0.6719
0.6554
0.6801
1.0711
0.676
0.7917
0.6642
0.6782
0.6914
0.6465
0.6464
0.6357
0.6365
0.6534
0.6258
0.6338
0.6491
0.633
0.6392
0.6566
0.6641
0.6589
0.6099
0.6611
0.6656
0.6527
0.6504
0.6494
0.6544
0.8101
0.6879
0.8341
0.7021
1.5581
0.755
0.6953
0.6797
0.7154
0.6965
0.7488
0.7037
0.7062
0.6874
0.6978
0.6847
0.6928
0.7153
0.713
0.7305
0.8362
0.8219
1.0626
0.9728
1.1006
1.2505
1.1365
1.2552
1.1768
1.3218
1.3246
3.8014
1.3115
1.168
1.038
1.2282
1.0892
1.0889
1.0764
1.0927
0.9012
1.0338
1.0354
1.0489
1.139
1.0542
0.9302
1.0477
1.0921
1.0884
1.1014
1.0269
0.9719
1.0284
1.1204
1.0863
1.0965
1.0804
0.9848
1.0187
0.9755
1.1323
1.014
1.0887
0.9486
1.0129
1.1208
1.0976
1.2058
1.0549
0.9573
1.0091
1.0374
0.9957
1.0744
1.0237
1.0889
1.0374
0.9408
1.0349
0.9674
0.8653
1.0002
1.036
1.0526
1.0379
1.0539
0.8606
0.8855
1.0307
0.8374
0.8408
0.8815
0.8156
0.8059
0.875
0.8172
0.8195
0.825
0.8126
0.7971
0.7487
0.7137
0.7086
0.9458
0.7821
0.7162
0.7727
1.1047
1.2527
1.1026
1.3685
1.286
1.2183
1.0911
1.161
1.0067
1.0615
0.9661
1.0434
1.0255
1.1545
1.005
1.0546
0.9211
1.0594
1.1457
1.0444
0.815
1.0594
1.035
0.9681
0.9591
0.9578
0.8185
0.9856
1.0616
1.1352
1.2325
0.999
0.8512
1.0868
0.9679
1.0244
1.042
0.961
1.063
1.1077
1.0329
1.1103
0.9648
1.0057
1.0248
0.9654
1.0078
1.0554
1.9423
1.0723
1.1347
0.8895
1.146
0.8873
0.8117
1.1127
1.0792
1.0155
1.0141
0.7853
0.7652
0.8126
0.9991
0.8858
0.7718
0.7597
0.7826
0.7387
0.7561
0.7523
0.784
0.865
0.7283
0.6977
0.7229
0.8602
0.7341
0.759
0.8676
0.8045
0.9018
1.2031
0.9384
0.8615
0.7475
0.7387
0.7351
0.7677
0.7468
0.7578
0.7897
1.0467
0.81
0.7832
0.8092
0.8299
0.7592
0.7927
0.7913
0.8377
0.9169
0.8062
0.7249
0.8442
0.7924
0.811
0.8004
0.8167
0.7351
0.8363
0.8212
0.8122
0.859
0.7864
0.737
0.804
1.262
0.8201
0.8482
0.9344
0.8178
0.8332
0.828
0.7993
0.7997
0.7955
0.7811
0.8077
0.7959
0.8148
0.7646
0.7726
0.7709
0.7406
0.7439
0.7567
0.7546
0.8226
0.9152
0.8208
0.8709
0.8389
0.856
0.7748
0.8437
0.8472
0.8171
0.8465
0.8006
0.7582
0.7889
0.8511
0.7356
0.7279
0.7142
0.6838
0.7257
0.776
1.0672
1.5416
0.8215
0.6758
0.6842
0.7039
0.6905
0.6873
0.6951
0.6835
0.6769
0.6832
0.6835
0.6827
0.6894
0.6857
0.6709
0.6937
0.6756
0.7391
0.6994
0.6923
0.6927
0.6841
0.6802
0.7101
0.613
0.682
0.6908
0.7284
0.6887
0.6878
0.6095
0.6738
0.6698
0.6712
0.67
0.6827
0.6608
0.7892
0.6642
0.6767
0.6768
0.7233
0.7989
1.9237
0.8528
0.6968
0.6907
0.7588
0.672
0.6855
0.6951
0.6792
0.6872
0.6815
0.6797
0.6907
0.6799
0.7308
0.7278
0.6942
0.6676
0.7394
0.7808
0.7132
1.0811
0.6703
0.736
1.1646
1.0066
0.9897
0.9853
0.9459
0.971
1
1.0007
1.0634
1.131
1.0241
0.8757
0.8192
0.893
0.8184
0.811
0.8
0.8456
0.8372
0.8325
0.8765
0.9135
0.8916
0.8952
0.91
0.9346
0.9085
0.9534
1.1506
1.05
1.0462
0.9633
0.9945
0.9694
0.9682
0.9588
0.9858
0.9709
0.9765
0.9142
0.9743
0.9634
0.9981
1.0103
1.0963
0.9833
1.0098
0.9955
0.9992
1.0116
1.0085
0.9452
1.0205
1.0079
1.0033
1.0438
1.0181
1.0302
1.115
1.2023
1.1641
1.1306
1.1027
1.0692
1.0917
1.078
1.0958
1.0869
1.1312
1.2053
1.0412
1.0188
1.0383
1.1084
1.1041
1.0601
1.0923
1.0525
1.0521
1.0517
0.9934
1.0152
1.0119
1.0095
1.0958
1.0266
0.9649
1.0797
1.0883
1.0514
1.0072
0.9969
0.9559
0.9944
0.9978
0.9903
1.0076
0.9964
0.976
1.0541
0.9769
0.9648
0.9756
0.9942
0.9283
0.9584
0.9872
1.0128
1.0447
0.9789
0.9607
0.9518
0.9539
0.9507
0.9561
0.9622
0.9809
0.9606
0.9621
1.068
0.9922
0.9445
0.9581
0.9645
0.9696
0.9823
0.9635
0.8443
0.9263
0.969
0.963
1.001
1.0213
0.8781
0.9958
1.0329
0.9197
0.9183
1.0021
0.8791
0.9347
0.9464
0.9206
0.9332
0.9631
0.8772
0.931
0.9426
1.0709
1.0226
1.0601
1.0463
1.0168
1.0082
1.0075
1.0183
0.9626
0.9962
1.0026
0.9825
0.9284
0.982
0.985
1.225
1.0048
1.0265
1.0559
1.1806
0.8645
0.9652
1.2293
0.9662
1.0906
1.021
1.1708
1.0349
1.0053
0.9512
0.8868
0.8843
0.8752
1.111
1.0702
1.4927
1.1147
1.2018
1.0496
1.1493
1.1103
1.1187
1.1038
1.1303
1.0013
1.0401
1.1046
1.1192
1.4015
1.1802
1.0009
1.1368
1.4363
1.0995
1.4332
1.0824
1.3811
1.0955
1.1501
1.1316
4.0882
0.9708
1.1843
1.8396
